1 76.561232 -28.457090 -24.729616 -23.374525
1 74.983831 -24.202357 -27.141392 -23.640082
1 73.889947 -24.770898 -24.658711 -24.460339
1 19.545129 -7.304758 -6.159938 -6.080431
1 82.153509 -48.119759 -17.089541 -16.944211
4 4.043999 -19.409764 -8.414311 23.780073
1 61.529687 -34.005800 -17.424504 -10.099384
1 14.537275 -0.941925 -1.090006 -12.505344
4 12.498502 -18.909712 -9.216646 15.627858
1 32.074062 -11.831157 -10.119625 -10.123280
1 21.457422 -8.145235 -6.688384 -6.623801
1 99.466482 -1.294359 -26.538401 -71.633721
2 35.800539 93.429883 -45.783932 -83.446489
1 34.096476 -10.728772 -12.740443 -10.627262
1 49.395039 -16.754304 -16.321773 -16.318961
1 31.296616 -5.893231 -19.983741 -5.419643
1 84.574388 -15.275699 -36.997262 -32.301429
1 93.564264 -34.884039 -34.346611 -24.333616
1 49.841340 -39.738481 -1.531090 -8.571767
1 76.294164 -24.874601 -26.919160 -24.500400
1 94.159886 -47.686173 -39.915069 -6.558643
1 34.247058 -10.950988 -12.450723 -10.845342
1 76.736423 -22.651461 -31.260341 -22.824622
1 75.047196 -25.057465 -25.023340 -24.966392
1 75.888146 -23.849854 -28.211678 -23.826613
1 101.168791 -56.259230 -46.352958 1.443397
1 107.215455 -61.352708 -53.116894 7.254150
1 70.221950 -23.223174 -23.748350 -23.250423
1 78.041452 -21.994071 -29.952588 -26.094790
1 72.775834 -24.172627 -24.310822 -24.292384
1 85.227072 -15.651056 -55.374733 -14.201281
1 47.240624 -5.622170 -35.748257 -5.870194
1 77.401328 -27.676467 -27.443103 -22.281754
1 108.007656 -49.660584 -21.190811 -37.156260
1 50.092212 -16.550523 -21.396424 -12.145267
1 83.758638 -16.133681 -51.227412 -16.397547
1 14.454565 -4.108551 -6.208735 -4.137278
1 6.299705 0.339621 -7.007346 0.368020
1 28.970407 -0.205935 -28.817408 0.052932
1 46.716525 -53.578522 -20.057738 26.919738
1 37.299242 -17.862151 -9.700094 -9.736995
1 116.522587 16.225890 -74.559432 -58.189045
1 60.099126 -20.104368 -19.971356 -20.023401
1 100.252369 -18.677773 -48.001783 -33.572817
1 72.153163 -28.125014 -22.015326 -22.012820
1 64.675659 -21.533246 -21.531320 -21.611092
1 19.521188 -6.379900 -6.571293 -6.569995
1 33.662670 -0.272483 -33.255752 -0.134432
1 47.119825 -15.643826 -15.718534 -15.757465
1 78.756167 -36.526356 -21.148126 -21.081683
1 71.319705 -23.794860 -23.653360 -23.871482
1 49.768344 -16.651757 -16.531919 -16.584667
1 12.956590 -4.313902 -4.352898 -4.289790
1 71.850058 -23.918183 -24.037060 -23.894818
1 15.434148 -6.685769 -8.461928 -0.286452
1 65.721100 -19.536342 -26.604227 -19.580530
1 74.831751 -24.977055 -24.953775 -24.900921
1 86.934892 -14.099175 -58.869810 -13.965902
1 88.063429 -44.192105 -29.285954 -14.585371
4 -17.977352 0.141209 -6.786870 24.623013
1 91.751484 -8.792686 -27.833257 -55.125541
1 88.618472 -18.631295 -57.287592 -12.699584
1 60.762111 -20.027022 -20.306767 -20.428323
1 110.380272 -72.146166 -49.122602 10.888490
1 44.891241 -13.526963 -18.111182 -13.253096
1 118.845470 -82.780722 -55.910860 19.846119
1 33.569540 -3.310747 -27.407682 -2.851109
1 97.050824 -28.545175 -65.722242 -2.783406
1 32.065643 -5.828153 -15.407399 -10.830091
1 26.333159 -11.952013 -13.405843 -0.975302
1 76.682044 -23.845650 -29.175615 -23.660779
1 117.830378 -51.220264 -82.724107 16.113989
1 21.198392 -4.708072 -12.101186 -4.389134
1 43.348547 -14.583605 -14.179843 -14.585097
1 54.759558 -18.231306 -18.266155 -18.262096
1 11.140028 3.769778 -4.505407 -10.404400
1 87.082296 -13.146369 -25.977079 -47.958848
1 81.241834 -42.220417 -19.323394 -19.698027
1 87.161241 -14.137435 -59.741823 -13.281981
1 43.394015 -14.545193 -14.436167 -14.412654
1 98.086680 -2.307680 -34.652589 -61.126412
1 48.282829 -16.049762 -16.049853 -16.183213
1 63.755469 -28.853422 -39.403881 4.501841
4 2.461083 3.735212 -10.021716 3.825420
1 85.688984 -29.279299 -15.079818 -41.329866
1 57.553521 -19.295337 -19.251764 -19.006421
1 38.787725 -12.007962 -14.936864 -11.842898
1 61.580913 -20.509618 -20.405257 -20.666036
1 47.524967 -15.738423 -15.811545 -15.974999
1 75.202945 -25.881305 -24.696725 -24.624915
1 79.314663 -39.367441 -19.964571 -19.982651
1 82.207929 -18.413148 -18.093505 -45.701276
1 23.238136 -6.666305 -6.679045 -9.892786
1 32.495921 -9.260772 -14.051574 -9.183572
1 75.172600 -25.004251 -25.098903 -25.069447
1 19.903778 -19.338459 -12.398777 11.833456
1 92.349977 -57.396149 -27.158929 -7.794897
1 82.968443 -16.499413 -19.274832 -47.194198
1 74.796661 -24.812422 -25.067295 -24.916944
4 2.079036 2.396024 -14.863216 10.388155
1 108.874347 -71.001409 -46.045455 8.172514
1 77.129084 9.642826 -62.402589 -24.369323
1 120.449993 -70.035581 -71.106834 20.692418
1 25.366656 -8.501318 -8.426413 -8.438925
1 12.675771 -4.212089 -4.212576 -4.251106
1 11.684231 -7.306708 -2.187087 -2.190436
1 74.827046 -24.886092 -24.913670 -25.027282
1 77.431782 -22.108009 -31.591412 -23.732362
1 157.149726 -75.653626 -67.502096 -13.994003
2 -5.337813 42.285484 -6.893490 -30.054182
1 43.737678 -12.738160 -18.675360 -12.324158
1 72.451755 -25.274536 -23.582235 -23.594987
1 86.921082 -13.782118 -50.080710 -23.058250
1 77.235205 -24.941213 -22.745433 -29.548560
1 78.322827 -21.990825 -22.479977 -33.852024
1 74.909604 -23.294953 -23.758495 -27.856155
1 77.016010 -49.315566 -14.093857 -13.606586
1 74.485947 -24.774387 -24.876483 -24.835074
1 60.710128 -19.934248 -20.694511 -20.081368
4 -5.213880 -12.387388 -8.378419 25.979687
4 3.455483 6.643442 -19.400686 9.301761
1 81.961823 -19.186218 -44.008893 -18.766707
1 46.041696 -10.755746 -24.844562 -10.441387
1 13.496536 -4.484413 -4.477468 -4.534655
1 63.770038 -20.274121 -20.528996 -22.966917
1 62.456948 -36.218686 -19.882756 -6.355503
1 82.893421 -27.686219 -35.876534 -19.330662
1 32.950213 -11.821902 -12.244969 -8.883341
1 75.921409 -25.090518 -24.666779 -26.164110
1 72.855025 -35.100362 -19.032539 -18.722122
1 25.917139 3.251401 -3.668193 -25.500347
1 49.649127 -16.699514 -16.405941 -16.543669
1 10.454931 -9.335439 -3.137191 2.017699
1 74.932818 -25.268133 -24.900881 -24.763803
1 74.725752 -24.863750 -25.093226 -24.768777
1 57.436738 -19.087825 -18.956547 -19.392366
1 47.860480 -15.613330 -17.472439 -14.774711
1 53.803406 -16.880066 -20.502699 -16.420640
4 -2.857144 -10.018113 -2.864421 15.739680
1 15.772374 -3.938245 -7.903082 -3.931048
1 55.411190 -18.557284 -18.417102 -18.436803
1 136.543332 -66.706635 -55.373968 -14.462733
1 29.848093 -10.003884 -9.958226 -9.885982
1 76.551049 -29.615407 -23.466450 -23.469191
1 76.069090 -27.102754 -24.726332 -24.240007
1 110.803044 -8.133831 -19.398756 -83.270459
1 74.943174 -24.945747 -25.193746 -24.803679
1 75.812737 -24.303175 -26.791244 -24.718316
4 16.858802 -7.463774 -27.232406 17.837376
1 54.144235 -17.084143 -17.248627 -19.811467
1 90.773376 -51.095813 -36.906734 -2.770829
1 75.218223 -26.521998 -24.376460 -24.319765
1 96.596323 -56.710373 -20.523266 -19.362680
1 56.944419 -12.589601 -31.850080 -12.504735
1 84.227743 -15.469809 -53.333273 -15.424661
1 75.984266 -25.515137 -25.137079 -25.332050
1 29.132951 -9.669207 -9.696897 -9.766846
1 45.926401 -15.421922 -15.236692 -15.267785
1 21.245656 -7.063586 -7.090787 -7.091281
1 74.397972 -24.504022 -25.099403 -24.794545
1 75.915336 -23.941921 -27.978492 -23.994924
1 30.866265 -10.205803 -10.428939 -10.231522
1 120.044010 -61.710251 -78.036463 19.702709
1 76.136306 -24.272141 -28.088210 -23.775955
1 77.346894 -23.785711 -30.450905 -23.110274
1 27.969010 -10.197093 -5.588399 -12.183518
1 19.822100 -6.439526 -6.902326 -6.480248
4 -0.589625 -1.158410 -3.650760 5.398794
1 94.094507 -6.703284 -7.286658 -80.104566
1 15.098814 -5.013202 -5.012660 -5.072951
1 88.441107 -12.556685 -62.948016 -12.936402
1 75.352350 -25.978289 -24.809364 -24.564697
1 83.678390 -17.537228 -50.877990 -15.263174
1 18.913166 -2.399499 -2.390175 -14.123492
1 3.484882 0.912133 -5.311901 0.914886
1 96.069892 -33.684284 -56.747004 -5.638600
1 78.777077 -26.346236 -30.521152 -21.909691
1 22.643895 -10.843088 -17.725554 5.924750
1 86.652784 -13.373704 -21.838099 -51.440981
1 90.773855 -10.395274 -9.288114 -71.090466
1 76.368322 -22.634837 -31.175817 -22.557667
1 52.026109 -17.283491 -17.310161 -17.432458
1 91.831502 -54.601581 -28.606620 -8.623300
1 40.538454 -13.396013 -13.365060 -13.777381
1 78.486197 -35.179230 -21.725899 -21.581069
1 9.227030 -3.083358 -3.069890 -3.073782
1 51.217342 -17.019888 -17.030266 -17.167189
1 82.769079 -16.447422 -28.209435 -38.112222
1 52.516357 -17.184439 -18.241759 -17.090160
1 77.432621 -28.864569 -24.207254 -24.360793
1 83.822219 -16.248627 -41.047151 -26.526440
1 70.583715 -23.288957 -23.747387 -23.547372
1 78.487580 -24.214359 -32.009102 -22.264114
1 76.528288 -24.759480 -26.557905 -25.210906
1 78.543993 -21.764902 -35.203674 -21.575413
1 76.949233 -28.346261 -25.700151 -22.902822
1 78.854696 -21.839252 -21.460251 -35.555191
1 57.754163 -19.270551 -19.478624 -19.004984
4 -19.245702 -6.901917 -0.224013 26.371631
1 36.769219 -5.044558 -25.464591 -6.260069
4 12.382414 2.279228 -27.359844 12.698204
4 -6.168550 -19.904078 -23.955474 50.028101
1 75.065171 -24.825120 -25.267817 -24.972235
1 79.479686 -20.261269 -20.602481 -38.615934
1 17.366740 0.517245 -18.567252 0.683268
1 75.289717 -24.838441 -24.553939 -25.897334
1 34.492550 -24.346979 -5.124389 -5.021183
1 75.011573 -25.071498 -25.046111 -24.893962
1 74.530914 -24.854693 -24.958362 -24.717858
1 75.048899 -25.046657 -24.945018 -25.057224
1 25.845577 -7.105021 -12.515682 -6.224875
1 81.254582 -18.901192 -41.505583 -20.847808
1 29.238033 1.690628 -32.795679 1.867019
1 77.516570 -25.821502 -23.879042 -27.816022
1 28.720109 -9.677862 -9.486543 -9.555703
1 82.121460 -17.882231 -23.442546 -40.796681
1 79.603745 -20.520384 -35.886103 -23.197259
1 30.323885 -10.051296 -10.220179 -10.052408
1 80.741126 -37.004468 -24.603690 -19.132966
1 24.466574 1.299569 -15.457088 -10.309055
1 81.089909 -21.922925 -39.342843 -19.824142
1 20.744384 -6.657417 -6.670072 -7.416895
2 4.762917 17.755656 -8.256562 -14.262010
1 91.994692 -33.381128 -19.709318 -38.904242
1 57.054264 -19.033070 -19.132337 -18.888854
1 24.797485 -5.785212 -13.438971 -5.573302
1 43.237607 -10.423159 -10.455434 -22.359015
1 74.707336 -24.720248 -25.365592 -24.621495
1 77.641747 -32.438851 -22.876623 -22.326271
1 22.931526 -7.351125 -8.118059 -7.462342
1 111.848697 -74.406661 -48.563409 11.121373
1 92.683402 -60.848514 -24.666657 -7.168227
2 0.623986 13.019970 -5.094994 -8.548962
1 75.170416 -24.754920 -25.739913 -24.675581
1 31.835286 -5.594706 -5.649087 -20.591492
1 16.051860 -14.846385 -6.182363 4.976887
1 81.402414 -20.299296 -42.354772 -18.748346
1 76.683594 -23.453389 -30.425728 -22.804478
1 42.226358 -14.132390 -14.111862 -13.982106
1 92.789730 -47.687081 -37.783482 -7.319167
4 -0.893123 -11.106700 1.164200 10.835623
1 14.882370 3.383917 -22.952390 4.686104
1 40.102388 -20.920849 -17.871002 -1.310537
4 3.548295 -3.648505 -4.427676 4.527887
1 17.189113 -9.828052 -3.701778 -3.659282
1 51.351247 -17.581975 -16.876315 -16.892956
1 95.094283 -52.082715 -28.769822 -14.241741
1 53.220961 -44.370000 -27.302613 18.451651
1 76.101536 -24.587997 -24.827042 -26.686496
1 146.092613 -48.664867 -55.148319 -42.279429
4 4.711680 -10.740660 -2.329874 8.358855
1 78.586303 -20.934459 -21.434945 -36.216898
1 49.796942 -9.719262 -30.768757 -9.308921
4 10.780336 -11.755958 -13.768586 14.744207
1 25.378623 -8.126965 -7.798315 -9.453343
1 81.118704 -32.996497 -29.424620 -18.697587
1 24.832966 -8.243664 -8.265209 -8.324093
1 129.789398 22.233433 -108.572108 -43.450723
4 -5.887476 -15.023642 -6.332652 27.243770
1 100.783565 -92.505973 -8.238178 -0.039414
1 37.717059 -12.578168 -12.527120 -12.611771
1 26.380182 -8.483861 -8.469176 -9.427143
1 75.206603 -26.030545 -24.557040 -24.619017
1 74.860171 -24.794665 -24.708175 -25.357330
1 51.459269 -17.137972 -17.094119 -17.227177
1 21.498905 3.178621 -27.906615 3.229089
1 90.712428 -11.961948 -70.336050 -8.414428
1 53.057883 -13.274576 -13.126227 -26.657082
1 61.928994 -18.361935 -25.044160 -18.522897
1 48.275058 -16.236706 -16.078055 -15.960298
1 74.861245 -24.893950 -24.921388 -25.045903
1 84.355481 -16.292014 -44.158658 -23.904810
1 101.607234 -40.544474 -63.421169 2.358400
1 84.298489 -16.913571 -51.460760 -15.924157
1 74.947978 -24.928521 -25.034668 -24.984788
1 79.110787 -22.203105 -31.847516 -25.060165
1 78.923402 -21.579225 -36.300771 -21.043408
1 0.000000 0.000000 0.000000 0.000000
1 37.165711 -2.797854 -2.783976 -31.583880
1 77.593785 -32.654212 -22.450182 -22.489391
1 46.344225 -16.685678 -14.747431 -14.911116
1 45.344255 1.489299 -17.140708 -29.692845
1 28.421713 -42.070675 4.482275 9.166688
4 -10.523619 7.264445 -12.269277 15.528452
1 34.009834 -15.374882 -11.152083 -7.482869
1 46.552529 -32.965185 -39.877066 26.289724
4 13.342224 -31.904824 -25.432014 43.994612
1 56.646707 -20.093469 -18.287422 -18.265816
1 77.447496 -25.146913 -24.372404 -27.928185
1 15.980623 -3.996083 -8.104236 -3.880304
1 81.542387 -20.112441 -19.233435 -42.196512
1 75.413146 -25.280974 -24.615709 -25.516454
1 40.907229 -13.007061 -14.736462 -13.163705
1 102.321186 -32.180020 -59.376335 -10.764826
1 87.374009 -12.819784 -17.880081 -56.674145
1 17.256804 -1.143478 -15.088342 -1.024985
1 2.777778 -0.925913 -0.928033 -0.923832
1 74.725558 -24.473603 -25.787395 -24.464561
1 76.302289 -28.649357 -23.701410 -23.951523
1 32.802355 -4.197531 -24.492142 -4.112681
1 89.115719 -12.928595 -42.674163 -33.512962
1 55.343901 -18.255406 -18.597238 -18.491258
1 79.742791 -19.445395 -39.905902 -20.391494
1 25.580978 -4.835583 -16.158956 -4.586438
1 39.719516 -13.325111 -13.206226 -13.188178
1 74.698596 -25.027391 -24.947956 -24.723251
1 77.347276 -22.322428 -31.976213 -23.048636
1 75.096773 -25.033793 -25.178502 -24.884478
4 -9.702863 -19.008285 -4.945093 33.656240
1 55.798200 -18.699704 -18.481517 -18.616978
1 71.460009 -27.828284 -21.933307 -21.698419
1 77.285906 -23.827009 -30.811754 -22.647142
1 93.546354 -8.059545 -70.912539 -14.574270
1 54.213973 -18.060514 -18.107461 -18.045999
4 2.908726 -6.857057 0.399502 3.548829
1 115.001646 12.080387 -43.716522 -83.365508
4 -9.729480 -11.390127 -6.555513 27.675121
1 71.837339 -23.783103 -23.600982 -24.453254
2 0.870553 1.078129 -3.012499 1.063817
2 11.011634 24.403314 -9.802806 -25.612140
1 75.031515 -24.940316 -25.090048 -25.001151
1 48.392755 -5.586163 -37.435701 -5.370889
1 75.500551 -24.726578 -25.118160 -25.655813
4 -3.703788 -11.547706 1.834449 13.417045
1 78.114016 -21.764333 -22.519884 -33.829799
1 75.545373 -26.804744 -24.443784 -24.296844
1 77.969820 -22.351350 -25.030201 -30.588267
1 83.749552 -13.953357 -23.800530 -45.995663
1 16.086073 7.378566 -36.722923 13.258285
1 74.977480 -24.923669 -25.320502 -24.733310
1 75.188105 -24.720741 -24.658814 -25.808552
1 74.704143 -24.838413 -24.976710 -24.889020
1 75.567186 -25.486161 -24.874697 -25.206330
1 82.658899 -17.183681 -48.180410 -17.294805
4 -15.241072 -9.729369 -14.595641 39.566086
1 84.359749 -15.854429 -52.868799 -15.636521
1 15.196261 -5.271858 -4.920160 -5.004243
1 74.504472 -24.818287 -24.772137 -24.914050
1 26.166513 -9.139188 -15.990224 -1.037100
1 112.790707 11.508016 -49.587599 -74.711119
1 83.026630 -47.629979 -18.410423 -16.986228
1 76.483821 -29.512954 -23.586951 -23.383919
1 74.736234 -24.884832 -24.853088 -24.998311
1 76.509499 -23.193962 -23.144250 -30.171288
1 76.913720 -22.837780 -26.856015 -27.219927
1 125.095733 -72.634095 -73.994328 21.532686
1 39.778869 -11.599788 -16.604684 -11.574398
1 12.508319 -10.967476 -0.861161 -0.679682
1 80.275909 -41.430289 -19.378340 -19.467279
1 21.158435 -3.161095 -14.766782 -3.230557
1 75.122960 -24.878863 -25.274691 -24.969406
1 52.297791 -17.500181 -17.379870 -17.417740
1 76.288814 -23.880111 -28.589143 -23.819561
1 76.900813 -23.426472 -24.075861 -29.398479
1 20.315833 -22.917098 1.204487 1.396779
1 23.220785 -7.581306 -8.135686 -7.503792
1 75.691259 -25.114955 -25.830602 -24.745703
4 -5.802627 -13.486296 5.151712 14.137210
1 11.543903 3.262922 -18.342964 3.536137
1 16.581708 -5.014881 -6.640085 -4.926742
1 82.229344 -17.893653 -46.458374 -17.877318
1 70.062451 -15.984798 -38.463137 -15.614515
4 -2.867169 3.057190 -6.550318 6.360297
1 137.803244 -31.974400 -64.023476 -41.805367
1 84.376534 -17.881945 -50.471866 -16.022720
1 84.554077 -16.160432 -29.500715 -38.892931
1 57.222249 -16.601178 -23.733688 -16.887385
1 32.516008 -4.784744 -23.149202 -4.582060
1 29.791200 -6.648620 -16.529026 -6.613554
1 74.276182 -25.374718 -24.664956 -24.236509
1 69.971506 -18.392642 -33.297778 -18.281086
1 75.749369 -24.438048 -27.218863 -24.092457
1 61.325929 -20.413457 -20.584908 -20.327564
4 -7.255181 -33.520749 1.169365 39.606565
1 16.122006 -2.586682 -10.981189 -2.554132
1 76.694742 -26.499147 -26.397153 -23.798441
1 2.777778 -0.925913 -0.928033 -0.923832
1 28.741868 -7.077900 -15.108261 -6.555708
1 79.797060 -34.352917 -22.123056 -23.321090
1 46.176223 -12.379735 -21.173991 -12.622494
1 82.899704 -16.631392 -17.371721 -48.896590
1 53.352357 -12.577128 -12.751632 -28.023595
1 15.521190 -1.871158 -12.137498 -1.512535
4 -5.415349 -17.308369 -5.527721 28.251437
1 54.096165 -12.584948 -30.449666 -11.061548
1 115.858892 -84.132964 -30.069428 -1.656504
1 10.685241 -2.654783 -5.392686 -2.637770
1 75.128011 -25.647400 -24.662229 -24.818380
1 102.923676 3.017902 -37.745071 -68.196508
4 -0.532284 -1.883421 -9.603210 12.018914
1 74.687880 -25.288213 -24.815037 -24.584632
1 31.376387 -9.996963 -11.629712 -9.749713
1 66.403364 -20.537966 -25.569669 -20.295727
1 78.717379 -21.742617 -31.824718 -25.150040
1 75.000304 -24.995164 -24.980314 -25.024826
1 67.212217 -41.613376 -60.414013 34.815172
1 65.891242 -21.891210 -22.087787 -21.912247
1 14.486027 -10.676696 -8.632252 4.822921
1 79.793399 -26.303543 -33.054862 -20.434995
1 12.481126 -6.808176 -13.859771 8.186821
1 12.621882 1.670544 1.684283 -15.976708
1 92.682786 -46.379556 -36.133779 -10.169447
4 3.903483 3.111537 -11.105883 4.090864
1 89.284968 -10.946547 -32.031977 -46.306444
1 16.537110 -5.453814 -5.519272 -5.564025
4 -6.127981 7.038818 -12.985653 12.074816
1 47.951733 -16.011009 -16.045061 -15.895661
1 9.850778 -3.255983 -3.400435 -3.194360
1 75.165742 -24.569925 -25.742103 -24.853717
1 112.138192 -74.707185 -47.947217 10.516209
1 57.419703 -18.966806 -19.197239 -19.255655
1 75.805516 -25.981681 -26.144634 -23.679201
1 172.334249 -89.575267 -155.794995 73.036016
1 66.402244 -22.206168 -22.312874 -21.883202
1 34.716895 -10.351445 -14.279572 -10.085879
1 75.426917 -24.238387 -27.541157 -23.647373
1 80.537817 -19.109923 -42.042851 -19.385042
1 27.878794 -6.337867 -12.383883 -9.157045
1 67.605336 -22.398505 -22.584642 -22.622188
1 91.636568 -8.846289 -63.510788 -19.279491
1 138.687602 -22.407461 -50.220975 -66.059166
1 81.745356 -18.400006 -19.872760 -43.472593
1 93.373066 -7.362735 -66.993035 -19.017298
1 87.380509 -11.720392 -40.975418 -34.684701
1 56.110435 -18.529721 -19.215078 -18.365636
1 6.546282 -5.179995 -4.578090 3.211802
1 90.440241 -35.894032 -43.948851 -10.597357
1 88.427793 -62.503502 -13.512504 -12.411781
1 61.845945 -29.210080 -17.895017 -14.740849
1 23.428507 -10.579717 -9.071750 -3.777038
1 76.686958 -25.483305 -27.425916 -23.777736
1 55.758680 -18.567664 -18.535855 -18.655161
1 50.144700 -14.775378 -18.057742 -17.311579
1 76.216822 -28.087861 -24.596684 -23.532276
1 19.500182 -6.316084 -6.355516 -6.828582
1 75.084581 -25.190391 -25.062236 -24.831950
1 76.983998 -24.703975 -25.239508 -27.040516
1 76.549417 -24.360977 -24.213922 -27.974518
1 63.673842 -12.640996 -38.555131 -12.477716
1 36.670616 -12.031377 -12.937758 -11.701483
1 16.266160 0.318048 -14.298121 -2.286086
1 61.160366 -6.682776 -47.809674 -6.667911
1 75.369076 -25.263933 -25.134034 -24.971104
1 21.610498 -7.198105 -7.150358 -7.262034
1 75.298087 -25.711756 -24.874669 -24.711662
1 84.723685 -27.841387 -43.148554 -13.733744
1 5.662360 -1.533138 -5.237399 1.108177
1 125.459515 -26.811057 -74.106294 -24.542163
1 102.259678 0.610696 -55.450892 -47.419482
1 41.696275 -13.985774 -11.304737 -16.405764
1 74.790556 -25.008516 -24.876774 -24.905263
4 -11.851165 -19.128989 -10.905869 41.886022
1 78.959771 -21.185404 -36.941935 -20.832434
1 75.446049 -24.218375 -27.342991 -23.884680
1 48.624815 -16.191632 -16.195424 -16.237760
1 86.857268 -13.451820 -24.571479 -48.833968
2 1.224004 35.811210 -6.887155 -30.148060
2 8.705428 14.163802 -1.882699 -20.986532
1 25.696935 -8.380392 -9.209420 -8.107123
1 75.597993 -25.793134 -25.005808 -24.799055
1 86.937531 -47.047617 -26.662377 -13.227537
1 15.791247 -4.840575 -4.997598 -5.953075
1 5.319127 5.258844 -3.212527 -7.365445
1 100.289455 -2.185411 -25.905738 -72.198306
1 63.344925 -21.103399 -21.130994 -21.110529
2 -13.566251 53.487059 -20.724109 -19.196698
1 75.051175 -24.908538 -24.856109 -25.286528
1 40.906883 -12.086036 -13.009719 -15.811127
1 61.954951 -35.633811 -35.932731 9.611588
1 34.832585 -14.334514 -16.182676 -4.315394
1 31.125895 -3.386854 -24.759095 -2.979945
1 74.786854 -24.942383 -24.926803 -24.917667
1 40.228085 -12.659604 -15.196271 -12.372208
1 83.585461 -16.587560 -44.360746 -22.637159
1 38.031020 -12.826130 -12.594113 -12.610777
1 119.842337 -47.607744 -67.196847 -5.037747
4 12.644996 -29.594070 -14.948663 31.897738
1 53.349787 -17.681695 -17.841184 -17.826906
1 75.800024 -24.524530 -26.700275 -24.575219
1 68.541161 -15.863070 -16.113415 -36.564675
1 74.273929 -24.679117 -24.786198 -24.808614
1 21.261666 -27.412880 -6.436715 12.587926
1 46.340935 -5.029966 -10.788639 -30.522330
1 27.208929 -7.660163 -12.042920 -7.505847
1 78.419595 -21.458686 -35.969448 -20.991463
1 134.528727 -89.422093 -19.640553 -25.466085
1 57.257943 -16.357269 -24.123331 -16.777343
1 33.383367 -9.784736 -13.775038 -9.823594
1 68.220134 -22.714298 -22.893771 -22.612067
1 74.873097 -24.907047 -25.324839 -24.641209
1 74.916065 -24.834466 -25.128076 -24.953523
1 74.838988 -24.933072 -24.773033 -25.132883
1 134.899706 -39.490445 -130.439876 35.030612
1 10.525250 2.810555 -13.984901 0.649096
1 36.574473 -8.607456 -19.340126 -8.626890
1 49.267182 -11.638953 -25.845076 -11.783152
1 76.145701 -24.128857 -28.223630 -23.793213
1 37.609420 -8.664967 -20.370302 -8.574147
4 -3.387046 4.656309 -16.294923 15.025660
1 43.612142 -14.590954 -14.572783 -14.448405
1 114.300463 -57.984094 -18.709712 -37.606657
4 -19.124175 15.294146 -20.613136 24.443165
1 19.893894 12.706226 -25.131842 -7.468277
1 39.450832 -13.101548 -13.319659 -13.029627
1 74.653116 -24.672045 -25.590034 -24.391036
1 10.775827 -3.650548 -3.529681 -3.595597
1 27.767969 -5.889517 -5.987168 -15.891283
1 16.556601 -8.658309 -4.204321 -3.693969
1 75.340977 -25.239259 -25.326518 -24.775198
1 77.884453 -23.511223 -30.800705 -23.572526
1 66.766182 -18.437777 -30.337669 -17.990736
1 95.590413 -75.211235 -14.539961 -5.839220
1 60.721802 -18.654088 -23.409436 -18.658276
1 102.734467 -31.400665 -64.411808 -6.921990
1 34.543292 -4.237095 -25.961437 -4.344759
1 79.659187 -20.734012 -38.358860 -20.566314
1 41.599360 -13.620671 -14.502781 -13.475909
1 31.255157 -11.415348 -9.975584 -9.864224
4 -8.739213 -16.258496 5.304942 19.692766
4 -16.245617 -11.558543 4.535681 23.268479
1 76.258123 -28.607712 -23.824116 -23.826294
1 12.052660 -4.018292 -4.006950 -4.027418
1 40.721383 0.142832 -41.038326 0.174112
1 77.693530 -22.195722 -33.155064 -22.342746
3 3.466037 -4.154438 11.413005 -10.724605
1 45.348853 -17.062859 -14.168514 -14.117480
1 35.415304 -9.291284 -9.304701 -16.819320
4 3.831195 -0.661223 -10.486576 7.316604
1 39.249311 -23.426103 -19.582734 3.759527
1 103.552758 -60.859493 -45.192614 2.499347
1 75.184019 -24.876559 -25.820044 -24.487411
1 81.404343 -18.340871 -18.424089 -44.639383
1 27.830624 -5.194044 -17.542848 -5.093732
1 58.975967 -19.640974 -19.751259 -19.583731
1 63.432064 -12.194866 -12.314828 -38.922370
1 63.038625 -35.069044 -14.176885 -13.792698
1 22.762498 -7.584406 -7.584048 -7.594044
1 35.923206 -27.277645 -40.121516 31.475955
1 86.256661 -18.734255 -17.860094 -49.662313
1 75.479585 -24.659580 -24.820970 -25.999035
1 129.461411 29.603515 -63.997695 -95.067229
1 47.987163 -15.852125 -16.065784 -16.069253
1 23.370693 2.469430 -7.598405 -18.241718
1 74.801284 -24.958764 -24.884989 -24.957532
1 73.124162 -10.397953 -24.963238 -37.762970
1 77.460166 -23.027613 -31.811935 -22.620618
1 100.960538 -68.578563 -28.561593 -3.820380
1 78.335264 -31.206895 -23.624075 -23.504290
1 94.311907 -54.453518 -34.538409 -5.319977
1 75.963455 -24.948671 -26.133039 -24.881738
3 -23.461640 -23.538559 70.793855 -23.793655
3 3.796336 -29.502755 29.849016 -4.142599
3 -15.353377 -28.429845 47.606875 -3.823655
3 -12.733754 -12.634539 38.128237 -12.759945
3 -22.668215 -22.754765 76.433442 -31.010463
3 -36.238883 2.962305 30.483600 2.792977
3 -70.235646 -9.990345 90.043656 -9.817658
3 -65.762772 -38.497764 101.985921 2.274615
3 -11.632231 -16.221296 30.081550 -2.228022
3 -30.997712 3.531601 23.707744 3.758366
3 -14.799926 -14.799960 44.221712 -14.621828
3 -20.114124 -16.598282 18.799980 17.912426
3 -71.613837 17.485948 37.036932 17.090959
3 -43.211123 -8.881484 91.536453 -39.443845
3 1.651405 -12.135379 17.805674 -7.321701
3 -17.395527 -9.418336 20.838360 5.975503
3 -15.971667 0.747292 14.005979 1.218397
3 -6.088155 -81.567406 93.678407 -6.022843
3 -37.714271 -22.118805 58.695278 1.137804
3 -20.471049 -38.358561 79.256261 -20.426644
3 -19.745720 -29.996296 43.574867 6.167150
4 -14.963502 -12.355017 5.192342 22.126178
3 -20.452725 -13.425911 26.665612 7.213026
3 -14.047636 -12.386284 38.866367 -12.432448
2 -25.370084 14.206253 -3.007612 14.171443
3 -17.432164 -16.260009 82.448968 -48.756795
3 -43.755723 -18.065555 80.926594 -19.105310
3 -13.839790 -13.675210 41.200315 -13.685314
3 -24.895834 -24.973012 74.464584 -24.595735
3 -1.126037 -1.314830 3.318851 -0.877979
3 -25.667895 -5.424620 36.221917 -5.129401
3 -9.673773 -9.607649 30.303152 -11.021730
3 -16.808763 -17.493049 51.218863 -16.917051
3 -0.661200 1.761871 5.569736 -6.670405
3 -3.176391 -22.849944 29.450362 -3.424026
1 4.192913 -12.323914 4.014367 4.116638
3 -55.306662 10.142995 36.044027 9.119637
3 -25.554100 -24.714885 75.159641 -24.890655
3 -13.414356 -12.549907 13.047165 12.917098
3 -20.869625 5.374278 23.496538 -8.001192
3 5.231143 -25.337168 14.927071 5.178956
3 -28.317404 -23.657159 75.782513 -23.807944
2 -39.663094 71.000279 16.292900 -47.630082
3 -29.135461 29.516115 84.892138 -85.272800
3 -27.356223 -7.326873 41.358943 -6.675842
3 -22.013067 -21.866011 66.080118 -22.201040
3 -36.644306 5.527709 24.809865 6.306731
3 2.513521 -27.696723 46.323766 -21.140562
2 0.852128 13.869366 3.491289 -18.212783
3 -24.544104 -25.728302 74.838265 -24.565860
3 -25.730655 -24.729180 75.031549 -24.571718
3 -7.983993 -2.129314 12.229114 -2.115808
3 -31.125756 3.097490 25.455485 2.572781
3 -25.229342 -25.765750 75.169631 -24.174540
3 -11.574508 -15.826861 24.218469 3.182900
3 -17.338276 -10.616345 37.997557 -10.042935
3 -15.801969 -15.622864 47.091584 -15.666747
3 -24.583427 -26.218924 75.673066 -24.870716
3 -19.988321 -39.107435 79.623006 -20.527248
3 -44.848549 13.306341 18.178739 13.363471
3 -23.086734 -22.624155 68.232707 -22.521816
3 2.542478 -21.090186 15.931814 2.615894
3 -19.642087 -21.322287 60.368505 -19.404128
3 -24.988784 -24.783034 74.587161 -24.815340
4 -46.835979 -4.368714 25.031986 26.172709
3 -9.145619 -9.066204 27.251904 -9.040080
4 -77.376129 -1.348697 -6.724714 85.449545
3 -23.738709 -37.353281 80.527168 -19.435176
3 -57.016797 4.406662 27.120062 25.490076
3 -21.856136 -0.917740 23.445941 -0.672064
3 -21.566499 -34.353058 78.078313 -22.158755
3 -26.044327 -24.818007 75.458632 -24.596294
3 -31.164610 7.391292 16.350975 7.422345
3 -13.892444 -13.663260 54.001573 -26.445866
4 -12.780740 -9.405380 -1.319055 23.505175
3 -24.213407 -27.379987 75.750051 -24.156651
3 -22.804174 -22.875385 68.575771 -22.896209
3 -25.196734 -25.056282 74.742028 -24.489008
2 -8.309881 26.727795 -14.366742 -4.051172
2 -45.154773 78.714317 -17.445089 -16.114457
4 -27.751430 15.662048 -7.909801 19.999185
2 -9.000578 37.586383 -8.941775 -19.644032
2 -24.034174 72.135545 -23.952290 -24.149080
2 -15.974251 49.502630 -16.310844 -17.217535
2 -32.830118 88.141125 -43.990013 -11.320997
2 -8.970398 28.004424 -8.963620 -10.070405
2 -1.562318 99.357408 -69.785633 -28.009455
2 -21.212333 57.619831 -18.125901 -18.281596
2 -29.246988 41.228635 -20.721276 8.739630
2 -24.680023 76.172248 -25.407717 -26.084505
2 -19.602809 60.302087 -19.709043 -20.990235
2 -24.601923 74.415043 -25.081978 -24.731141
2 -8.473725 26.521464 -9.528947 -8.518792
2 -15.310066 42.493495 -13.614885 -13.568545
2 -7.915289 23.770167 -7.897405 -7.957473
2 -31.122184 88.078361 -45.088827 -11.867345
2 -70.730135 90.297638 -9.855280 -9.712223
2 -19.005064 81.031391 -43.667911 -18.358416
2 -14.167307 50.437366 -14.322490 -21.947568
2 -20.170222 80.172962 -40.016431 -19.986306
2 -2.274112 14.655678 -10.127620 -2.253947
2 -13.585182 37.497814 -11.962479 -11.950150
2 -10.156475 30.731566 -10.235982 -10.339107
2 -3.141207 97.055193 -72.113280 -21.800704
2 -18.816537 37.361129 -40.932610 22.388019
2 -13.893020 66.795844 -13.853996 -39.048826
2 -16.909626 21.306815 -6.637835 2.240645
2 -14.234301 42.596069 -14.188432 -14.173337
2 -13.671373 19.492994 -8.476547 2.654928
2 -31.312613 52.447271 -10.668626 -10.466032
2 -39.151882 100.871298 -63.347133 1.627726
2 -25.133934 74.839471 -24.941686 -24.763852
2 -39.036055 65.535133 -16.077140 -10.421939
2 -22.491654 67.098032 -22.341880 -22.264495
2 -16.282415 49.196523 -16.600306 -16.313801
2 -19.297342 58.743827 -19.581546 -19.864937
2 -23.793499 72.258197 -24.086105 -24.378594
2 -15.138967 84.496646 -15.622762 -53.734916
2 -2.820649 9.272334 -3.333200 -3.118485
2 -14.572202 52.963850 -6.610526 -31.781122
2 -6.206462 32.303833 -20.046899 -6.050472
2 -40.259289 79.974604 -20.046289 -19.669023
2 -8.272416 28.597608 -12.120881 -8.204312
2 -11.895142 90.542398 -31.305745 -47.341506
2 -23.761554 76.331247 -26.714565 -25.855126
2 -18.086351 107.270893 -23.811355 -65.373185
2 -19.935764 77.836126 -38.066128 -19.834233
2 -25.383807 75.124888 -24.866989 -24.874090
2 -19.207213 81.580099 -43.326916 -19.045970
2 -17.156717 51.604796 -17.399510 -17.048569
2 -33.949768 68.005456 -21.456363 -12.599321
2 -23.532547 75.911230 -29.047888 -23.330793
2 -24.970482 74.928201 -25.106983 -24.850737
2 -24.037251 73.499423 -24.160970 -25.301204
2 -17.408021 60.022896 -17.370992 -25.243882
2 -5.536123 16.611614 -5.580916 -5.494575
2 -15.311188 16.066979 -0.455057 -0.300735
2 -24.984980 74.992647 -25.099097 -24.908571
2 -9.368494 33.488320 -14.864926 -9.254900
2 -17.855113 21.519273 -2.020717 -1.643443
2 -24.646409 74.999119 -25.588343 -24.764368
2 -15.073863 51.954576 -11.855376 -25.025338
2 -16.872602 66.688638 -16.958702 -32.857333
2 -22.737388 75.263836 -29.497635 -23.028809
2 -15.644569 53.676064 -15.693123 -22.338372
2 -24.775096 79.787801 -26.787616 -28.225085
2 -15.278997 84.992430 -53.624284 -16.089148
2 -4.744485 13.267111 -3.449389 -5.073236
2 -1.304355 5.079869 -1.320076 -2.455438
2 -21.212031 63.826623 -21.414776 -21.199814
2 -49.423109 82.881072 -16.817163 -16.640800
2 -24.625627 73.689220 -24.404954 -24.658640
2 -62.580879 94.445756 -26.126162 -5.738714
4 -19.226538 7.660132 -6.720787 18.287193
2 -14.176372 85.853535 -31.932865 -39.744300
2 -18.331464 55.000869 -18.340045 -18.329360
2 -6.836669 20.886899 -6.850214 -7.200015
2 -5.452637 17.538981 -6.627750 -5.458595
2 -21.371930 78.230215 -35.512043 -21.346242
2 -22.777270 76.936388 -22.671575 -31.487540
2 -23.573285 28.294409 -2.794070 -1.927056
2 16.658740 119.826436 -16.075035 -120.410144
2 -17.324563 62.965655 -22.330793 -23.310299
2 -15.194376 78.957407 -29.730779 -34.032251
2 -8.720356 91.621729 -61.434343 -21.467030
2 -12.410710 89.691983 -66.726566 -10.554709
2 -20.676650 61.642043 -20.567275 -20.398119
2 -24.980467 74.874128 -24.981300 -24.912362
2 -14.243654 87.679975 -35.059596 -38.376724
2 -5.990468 13.268690 -16.866132 9.587911
2 -11.137723 33.268212 -11.148862 -10.981626
2 -29.539680 77.537024 -26.111884 -21.885461
2 -21.959495 98.028326 -6.984625 -69.084205
2 -30.109648 76.146320 -23.002998 -23.033672
2 -5.796875 94.871739 -63.103320 -25.971538
2 -17.343963 52.106227 -17.410548 -17.351715
2 -58.194683 79.468955 -42.053806 20.779534
2 -22.545374 77.169283 -23.989161 -30.634749
2 -24.113574 58.663511 -17.418063 -17.131875
2 -20.635410 72.630739 -20.842862 -31.152467
2 -19.934790 27.178884 -6.297201 -0.946894
2 -12.114025 48.344258 -12.203586 -24.026645
2 -65.321633 108.466015 -52.558524 9.414145
2 -12.378831 38.006603 -12.387652 -13.240121
2 -10.894619 45.074164 -11.039971 -23.139574
2 -16.872157 83.824235 -51.006058 -15.946018
2 -15.809114 47.235779 -15.799770 -15.626895
2 -25.372363 45.890409 -5.371525 -15.146522
2 -38.672210 85.622761 -20.199928 -26.750625
2 -2.018454 12.997496 -2.854967 -8.124075
2 -20.029294 87.614646 -12.554073 -55.031277
2 -13.660547 41.404409 -13.649361 -14.094502
2 -10.596145 31.823641 -10.624697 -10.602798
2 -24.489295 74.867560 -25.338958 -25.039306
2 -22.569050 67.653838 -22.513802 -22.570983
2 -24.697205 74.997652 -24.745689 -25.554758
2 -21.937564 93.354141 -66.018704 -5.397878
2 -21.075841 17.114245 -8.747961 12.709557
2 -13.016287 40.758148 -15.150874 -12.590985
2 -42.208333 32.302085 -14.270363 24.176612
2 -13.278265 86.998700 -47.704459 -26.015973
2 -6.962276 11.473126 -9.247166 4.736318
4 -26.775110 19.273706 -12.951815 20.453219
2 -4.455406 13.584237 -13.976075 4.847245
2 -24.165264 76.965269 -30.030789 -22.769215
2 -5.185568 105.008878 -47.097484 -52.725824
2 27.830821 130.092748 -89.899590 -68.023979
2 -12.713862 39.320365 -13.032530 -13.573973
2 -18.986395 67.566990 -19.152357 -29.428235
2 -22.801688 76.787096 -30.873713 -23.111694
2 -31.978729 83.658179 -54.004121 2.324670
2 -8.824631 28.043009 -10.337543 -8.880834
2 -36.967382 62.623015 -20.523383 -5.132249
2 -12.856786 38.748096 -12.992924 -12.898385
2 -23.342726 66.200118 -30.695101 -12.162292
2 -33.535438 89.177406 -30.058238 -25.583731
2 -9.433017 104.057894 -28.052288 -66.572590
2 -2.591443 9.500003 -2.626283 -4.282277
2 -18.401259 49.894415 -23.435248 -8.057905
2 -10.243694 31.476766 -11.091335 -10.141738
2 -12.713135 22.231971 -7.233082 -2.285753
4 -14.387931 7.878788 -11.068461 17.577603
2 -21.573363 64.106809 -21.275701 -21.257743
2 -32.404005 56.463250 -12.086276 -11.972970
2 -4.854277 16.666668 -4.846103 -6.966287
2 -10.287486 19.790945 -4.767972 -4.735486
2 -28.136253 78.576366 -27.373923 -23.066190
4 -23.326988 9.938857 -9.193438 22.581568
2 -11.639579 35.454692 -12.140272 -11.674840
2 -10.119363 30.397229 -10.156935 -10.120931
2 -14.997447 31.926362 -8.631179 -8.297735
2 -16.414838 49.097914 -16.394256 -16.288822
2 -35.094248 58.630835 -11.817689 -11.718899
2 -10.839462 88.850384 -30.553996 -47.456925
2 -13.958287 42.776669 -14.452677 -14.365705
2 -2.966032 96.781984 -41.114253 -52.701692
2 -10.368257 30.117539 -9.947720 -9.801561
2 -47.806464 75.402747 -20.381208 -7.215071
2 -19.213645 57.557345 -19.177642 -19.166058
2 -7.029310 32.478240 -18.500419 -6.948513
2 -18.800032 79.463701 -49.400736 -11.262934
2 -35.847526 78.455318 -21.342792 -21.265000
2 -3.141451 46.248419 -4.212216 -38.894753
2 -11.012961 44.409368 -22.553339 -10.843068
2 -8.327189 29.269148 -12.579717 -8.362242
2 -19.998307 68.735806 -28.847482 -19.890020
2 -14.887280 45.162764 -15.289251 -14.986231
2 -25.620777 75.045818 -24.974266 -24.450776
2 -11.480395 16.744526 -16.220365 10.956234
2 -11.816026 40.269972 -16.441423 -12.012523
2 -3.118097 9.957118 -12.258129 5.419109
2 -5.511950 20.632221 -9.580177 -5.540094
2 -24.906597 36.026238 -7.945470 -3.174170
2 -11.941205 35.406988 -11.847714 -11.618068
2 -2.941015 30.667580 -23.458089 -4.268475
2 -5.618401 24.350834 -12.329245 -6.403189
2 -14.371869 86.473521 -36.509088 -35.592562
2 -24.390863 75.049678 -26.244592 -24.414223
2 -22.291759 77.528276 -32.733794 -22.502726
2 -19.516538 79.903033 -27.207233 -33.179261
2 -15.609747 47.631470 -16.440414 -15.581307
2 -40.539909 84.155463 -27.463081 -16.152471
2 -30.295970 82.650900 -39.030306 -13.324626
2 -6.713486 33.918984 -20.503760 -6.701737
2 -10.232299 48.045873 -10.293678 -27.519894
2 -33.164532 77.648363 -22.341817 -22.142011
2 -23.521574 115.496713 -40.762210 -51.212926
2 -9.063930 27.357599 -9.188778 -9.104890
2 -26.746338 89.434652 -51.940451 -10.747860
2 -46.013209 83.686780 -31.926869 -5.746701
2 -12.739482 78.948647 -41.209403 -24.999762
2 -17.058897 72.806126 -38.731408 -17.015820
2 -32.991683 78.052703 -21.915236 -23.145784
2 -20.386166 78.775039 -38.002674 -20.386197
2 -9.911461 89.829591 -28.474246 -51.443880
2 -22.273363 87.873083 -53.667762 -11.931953
2 -7.744404 41.120240 -26.122617 -7.253219
2 -15.477250 51.048635 -15.350733 -20.220651
2 -69.553705 113.784158 -58.358513 14.128062
2 -17.084993 55.077611 -19.644482 -18.348136
2 -23.209545 76.164352 -29.763115 -23.191693
2 -75.158092 204.708450 -44.128145 -85.422208
2 -5.180127 21.386999 -10.753706 -5.453167
2 -10.244552 34.939965 -14.591598 -10.103815
2 -29.288496 94.880864 -27.434238 -38.158127
2 -17.249431 51.664816 -17.221911 -17.193474
2 -35.939061 81.490277 -26.853637 -18.697577
2 -21.093673 78.324527 -36.335492 -20.895364
2 -12.766155 13.538496 -7.796959 7.024619
2 -24.773952 74.766890 -25.145897 -24.847042
2 -17.406403 18.105770 -15.444712 14.745345
2 -24.921308 74.747275 -24.872258 -24.953706
2 8.199882 14.737929 -31.140060 8.202248
2 -24.891484 74.800710 -25.042700 -24.866524
2 -44.323822 140.831553 -23.473165 -73.034564
2 -13.626694 40.787330 -18.583461 -8.577175
2 -49.432914 84.082994 -36.367293 1.717217
2 -5.181615 32.923686 -10.299925 -17.442147
2 -16.562154 45.111969 -18.079931 -10.469885
2 -15.814201 54.375460 -16.005009 -22.556251
2 -32.754766 66.215132 -12.949106 -20.511260
2 -24.570366 75.284637 -26.371442 -24.342828
2 -17.545242 62.776408 -27.828234 -17.402930
2 -40.573565 39.090436 -9.738455 11.221582
2 2.983698 3.120722 -9.154235 3.049815
2 -19.331724 59.690224 -20.976162 -19.382337
2 2.176173 9.969039 -1.796878 -10.348333
2 -23.126343 57.841595 -17.108611 -17.606639
2 -33.483766 76.104859 -21.285308 -21.335785
2 -23.977757 75.657145 -24.036599 -27.642786
2 -3.765347 9.558341 -5.635146 -0.157847
2 -10.574854 32.679061 -11.462582 -10.641624
2 -22.959036 68.756150 -22.818211 -22.978900
2 -24.875324 74.953335 -24.946467 -25.131544
2 -3.520518 95.588131 -80.217421 -11.850185
2 -15.755406 47.663760 -13.495458 -18.412897
2 -15.954581 15.088854 -13.056950 13.922677
2 -3.865056 13.362313 -5.542483 -3.954774
4 5.739020 -4.950156 -6.768093 5.979229
2 -19.340060 56.440515 -18.493071 -18.607382
2 -9.262359 50.873735 -9.203105 -32.408271
2 -1.618757 10.491178 -9.782440 0.910019
2 -15.581465 42.523527 -13.549140 -13.392919
2 -10.537974 58.555533 -21.924165 -26.093394
2 -31.491921 70.196423 -21.351467 -17.353035
2 -24.730970 74.996552 -25.099872 -25.165710
2 -16.265528 83.384523 -16.279477 -50.839520
2 -28.854583 22.491356 -13.630498 19.993724
2 -14.569820 43.383093 -14.442324 -14.370948
2 -7.324581 21.984709 -7.331459 -7.328667
2 -4.683429 20.532516 -11.281544 -4.567544
2 -11.648819 34.673332 -11.505932 -11.518580
2 -24.397831 74.587880 -24.747162 -25.442887
2 -19.705240 25.398940 -2.899559 -2.794142
2 0.884995 101.912326 -105.035325 2.238006
2 -32.302269 62.113874 -16.561667 -13.249936
2 -15.189393 42.255656 -16.825260 -10.241003
2 -21.328937 72.316376 -21.377361 -29.610078
2 -50.859544 85.828632 -20.507671 -14.461415
2 -18.823647 102.039676 -31.001704 -52.214320
4 -22.543516 16.372276 -10.706722 16.877963
2 -24.849623 74.737979 -24.909291 -24.979065
2 -21.149704 78.649606 -21.211927 -36.287972
2 -23.890208 71.338582 -23.628805 -23.819569
2 -29.132544 20.504826 -9.149137 17.776856
2 -19.799733 98.925767 -77.974816 -1.151212
2 -32.843850 93.398436 -28.994890 -31.559696
2 -4.164052 12.039084 -3.789930 -4.085102
2 -21.125653 78.122203 -35.425957 -21.570590
2 -27.560297 66.799725 -19.737985 -19.501446
2 -12.830670 38.597867 -12.946930 -12.820268
4 -22.686911 19.390544 -21.936172 25.232540
2 -35.456979 80.014430 -25.099546 -19.457903
2 -15.228595 84.912428 -54.154993 -15.528833
2 -25.074656 75.109612 -24.499283 -25.535674
2 -12.388142 44.680312 -19.854562 -12.437607
2 -8.334499 91.519234 -58.892166 -24.292571
2 -22.937508 74.973425 -22.933152 -29.102762
2 -24.840418 75.618604 -24.808050 -25.970135
2 -27.767433 38.059481 -5.162013 -5.130036
2 -10.939259 43.850654 -21.923016 -10.988377
2 -17.899736 81.166398 -43.739190 -19.527469
2 -18.676326 56.401435 -19.101481 -18.623628
2 -12.688933 86.784279 -60.649497 -13.445852
2 -50.967595 103.089575 -55.975520 3.853539
2 -21.051620 37.341853 -9.426599 -6.863633
2 -10.635775 66.409319 -18.076074 -37.697470
2 -20.968069 69.925173 -20.985216 -27.971888
2 -36.713707 60.298678 -45.509330 21.924357
2 -29.413312 75.971051 -23.037476 -23.520264
2 -33.918052 77.753206 -21.933381 -21.901772
2 -24.824473 74.495071 -24.888247 -24.782350
2 -43.265268 82.199138 -17.506031 -21.427839
2 -17.716127 54.291985 -18.752747 -17.823109
2 -65.655686 113.027961 -60.716603 13.344326
2 -9.109184 35.326546 -13.156061 -13.061302
2 -22.628027 79.244914 -20.511339 -36.105550
2 -24.809041 75.333070 -25.057479 -25.466553
2 -2.147215 6.196243 -2.186676 -1.862352
2 -8.754470 29.690093 -12.283959 -8.651665
2 -8.396680 25.165785 -8.383306 -8.385799
2 -19.160483 80.381768 -19.246052 -41.975235
2 -40.450871 82.965281 -19.936797 -22.577614
2 -22.214388 77.328143 -22.326261 -32.787494
2 -25.588666 25.543219 -22.844080 22.889527
2 -21.620352 78.417251 -34.684666 -22.112230
2 -24.797108 74.777265 -25.157961 -24.822198
2 -19.679135 79.680733 -40.579090 -19.422507
2 3.299614 37.234381 -30.934812 -9.599183
2 -15.706591 47.202449 -21.360092 -10.135763
2 -16.716021 49.834179 -16.586173 -16.531983
2 -25.376479 75.749114 -26.405190 -23.967442
2 -24.147184 72.580322 -24.408546 -24.024592
2 -53.802160 74.943178 -35.089545 13.948526
2 -1.556126 29.521605 -1.911814 -26.053665
2 -38.671029 47.753055 -6.313286 -2.768738
2 -13.836197 63.524392 -36.087591 -13.600600
2 -24.083419 72.336451 -24.045467 -24.207562
2 -31.915627 38.054465 -31.471873 25.333038
2 -34.526721 49.647105 -20.809304 5.688921
2 -18.336443 53.526805 -17.594801 -17.595558
2 -17.437136 52.177069 -17.500569 -17.239365
4 -9.398522 4.063261 -5.662339 10.997600
2 -15.897608 47.805627 -15.991631 -15.916386
2 -24.856805 74.916540 -24.921130 -25.138603
2 -17.601136 52.621033 -17.489796 -17.530101
2 -12.811063 45.126381 -19.401422 -12.913895
2 -24.823070 75.269286 -25.839794 -24.606424
2 -38.021145 76.565114 -25.883605 -12.660362
2 -32.770917 38.092792 -8.373059 3.051184
2 -13.375831 59.952756 -13.381926 -33.194996
2 -16.897603 55.932109 -16.782839 -22.251663
2 -25.411637 74.909799 -24.771866 -24.726295
2 10.166470 110.307384 -39.454074 -81.019777
2 -43.246733 105.426455 -67.611585 5.431861
2 -18.023084 53.360559 -17.853111 -17.484364
2 -24.602075 80.793771 -20.706902 -35.484793
2 -14.762849 37.198878 -15.263162 -7.172868
2 -35.252185 59.493902 -12.264757 -11.976960
2 -12.214633 17.351416 -0.194083 -4.942700
2 -84.924186 113.126030 -40.928742 12.726897
2 -3.640451 31.963021 -3.674598 -24.647973
2 -10.948677 32.882941 -10.954427 -10.979836
2 -8.698326 91.201214 -36.857626 -45.645260
2 -33.742779 41.294986 -12.691548 5.139340
2 -5.555477 16.666667 -5.568200 -5.542990
2 -17.545246 56.194993 -17.720940 -20.928806
2 -44.471040 81.510325 -18.698969 -18.340316
2 -24.363385 75.338652 -25.724237 -25.251024
2 -9.916759 29.938126 -9.979290 -10.042077
2 -17.740812 81.723653 -37.176686 -26.806151
2 -2.533872 28.433689 -27.056062 1.156245
2 -20.489777 65.090649 -23.974435 -20.626435
2 5.579088 105.362643 -44.266202 -66.675524
2 -19.558323 77.393323 -19.601090 -38.233909
2 -19.959598 23.912932 -2.071311 -1.882023
2 -9.845358 32.302370 -12.417424 -10.039587
2 -8.289585 49.821494 -8.328260 -33.203650
2 -18.798073 81.470242 -43.854585 -18.817582
2 -15.033331 57.482859 -14.975487 -27.474039
2 -21.628311 64.376245 -21.498780 -21.249154
2 -19.795588 80.249264 -19.298525 -41.155150
2 -11.725196 38.951488 -11.552420 -15.673870
2 -21.024495 63.257224 -21.194052 -21.038675
2 -0.528394 106.131118 -103.029385 -2.573340
2 -20.701944 40.435956 -11.143298 -8.590715
2 -24.372665 75.287911 -24.570038 -26.345207
2 -19.920545 59.638490 -19.884161 -19.833785
2 -43.428433 85.588761 -37.662773 -4.497550
2 -2.398958 7.461286 -2.460549 -2.601778
2 -11.636923 88.202391 -33.008371 -43.557098
2 -17.701395 74.062900 -39.089770 -17.271735
2 -4.182359 24.487147 -12.894236 -7.410552
2 -19.327219 60.066269 -19.362670 -21.376379
2 -12.441649 37.215950 -12.327931 -12.446369
2 -54.236365 91.174938 -27.887906 -9.050666
2 -1.872893 18.639446 -15.123877 -1.642678
2 -30.003146 74.258571 -28.537816 -15.717611
2 -14.418807 42.609163 -14.145274 -14.045083
2 -25.144033 75.262266 -25.092601 -25.025627
2 -22.847592 44.140533 -10.658114 -10.634826
2 -88.016050 76.115662 -13.461689 25.362078
2 -21.807758 65.417114 -21.837543 -21.771812
2 -14.621350 44.768079 -14.697299 -15.449431
2 4.196178 17.763491 -3.406911 -18.552758
2 -18.750556 81.048248 -43.391666 -18.906026
2 -0.713515 98.901764 -26.348629 -71.839621
2 -21.917163 73.664416 -22.022736 -29.724516
2 -9.231429 27.721584 -9.233277 -9.256877
2 -11.751341 42.450652 -11.728000 -18.971310
2 -13.305138 87.999701 -62.597367 -12.097199
2 -7.008366 30.750269 -7.025016 -16.716887
2 -39.553829 95.669431 -28.946550 -27.169048
2 -14.170203 85.579333 -32.688479 -38.720649
2 -20.925715 54.856517 -15.855299 -18.075499
2 -24.543600 75.143423 -25.986593 -24.613226
4 -43.677926 23.596409 -3.593639 23.675155
2 -24.637065 74.395852 -24.918619 -24.840165
2 -13.386793 49.961905 -25.561861 -11.013249
2 -17.514973 83.765771 -46.359991 -19.890808
2 -6.182562 19.574791 -7.067305 -6.324924
2 -14.112822 85.259834 -56.202408 -14.944600
2 -10.875694 70.976556 -13.400965 -46.699896
2 -4.178051 23.185649 -14.893756 -4.113842
2 -8.484532 25.447978 -8.484868 -8.478577
2 -16.735606 52.248899 -18.570614 -16.942678
2 9.209064 23.555270 -12.349773 -20.414562
2 -15.087267 34.055239 -10.842276 -8.125696
2 -15.290047 62.473992 -15.708965 -31.474984
2 -19.774908 79.932162 -28.841213 -31.316040
2 -13.045050 87.405048 -61.846340 -12.513654
2 13.437733 117.327194 -67.538957 -63.225970
2 -3.631263 13.513338 -3.642477 -6.239598
2 -42.736539 96.623276 -50.621968 -3.264770
2 -3.292285 12.731614 -3.301143 -6.138185
2 -18.575668 55.934781 -21.633006 -15.726109
2 -27.693610 66.899923 -19.712539 -19.493774
2 -49.785562 56.013151 -33.218404 26.990815
2 -18.857966 82.577830 -45.335747 -18.384116
2 -21.518654 78.034421 -34.861407 -21.654359
2 -15.649457 62.435920 -15.724799 -31.061666
2 -15.129550 50.219591 -20.188618 -14.901424
2 -16.783229 51.098209 -17.656974 -16.658004
2 -11.137375 89.207218 -53.333757 -24.736088
2 -16.780775 51.571652 -17.596228 -17.194649
2 -21.426149 78.175817 -35.292074 -21.457595
2 -21.424457 77.687169 -22.009509 -34.253201
2 -13.628430 67.055373 -13.597596 -39.829349
2 -3.500015 171.286131 -61.848042 -105.938070
2 -10.092247 89.501860 -53.958299 -25.451314
2 -22.308428 31.533480 -7.220699 -2.004354
2 -0.929886 17.730395 -0.977307 -15.823200
2 -29.074735 90.243059 -15.422883 -45.745439
2 -26.559282 52.072891 -13.096751 -12.416860
2 -5.774954 71.753184 -35.921047 -30.057186
2 -18.892823 64.145855 -26.220642 -19.032389
2 -9.512561 32.835099 -9.355289 -13.967251
2 -8.499526 10.153358 -0.801287 -0.852544
2 -10.118863 33.569503 -10.109261 -13.341379
2 -32.280736 92.470663 -52.257293 -7.932630
2 -15.636332 29.076616 -6.721927 -6.718356
2 -5.497618 17.258194 -5.586017 -6.174558
2 -24.288445 75.011675 -25.361738 -25.361492
2 -4.313222 14.114301 -4.402996 -5.398083
2 -18.849459 56.931811 -19.160061 -18.922292
2 -25.788468 74.062131 -24.785111 -23.488553
2 -34.702860 117.544376 -59.482682 -23.358832
2 -23.414320 76.501156 -26.935065 -26.151770
2 -27.488790 91.461396 -55.639103 -8.333501
2 -22.337078 58.631684 -43.075147 6.780540
2 -6.725918 94.254427 -22.326132 -65.202379
2 -6.959590 21.355831 -7.160781 -7.235458
2 -11.506615 35.348971 -12.571587 -11.270769
2 -13.354587 86.443104 -59.368677 -13.719838
2 -24.160575 75.564951 -25.221627 -26.182746
2 -41.099792 80.341088 -19.713300 -19.527998
2 -39.295931 87.505081 -14.619834 -33.589317
2 -37.831079 83.507455 -29.763816 -15.912558
2 -8.989692 26.484526 -8.745961 -8.748873
4 -15.917933 2.950661 -8.263651 21.230923
2 -12.314877 36.990619 -12.336871 -12.338870
2 5.442701 104.925003 -50.781425 -59.586278
2 -41.122359 85.624097 -30.307990 -14.193743
2 -13.511158 86.764215 -27.155433 -46.097624
2 -10.197373 30.183651 -10.008768 -9.977510
2 -24.881350 74.669904 -24.882662 -24.905891
2 -17.963079 34.639949 -19.918846 3.241977
2 -7.970176 23.916009 -8.058961 -7.886872
2 -13.080592 52.307165 -26.069733 -13.156841
1 6.937518 0.321712 1.502271 -8.761503
4 -34.860981 15.242923 -11.100434 30.718492
2 -70.033602 105.452329 -40.206048 4.787324
2 -19.816408 51.005559 -26.951372 -4.237778
2 -19.818822 63.959843 -19.798157 -24.342861
2 -18.927906 56.763812 -18.972700 -18.863204
2 -23.205506 69.830427 -23.260348 -23.364572
2 -24.462260 75.244985 -24.119673 -26.663053
2 -9.569001 40.197080 -17.188823 -13.439255
2 -24.811619 74.862897 -24.949109 -25.102170
2 -5.671184 16.971371 -5.639754 -5.660433
2 -11.111700 14.890637 -1.949486 -1.829452
2 -26.431419 75.506839 -24.625990 -24.449429
2 -8.334919 26.274192 -8.367163 -9.572110
2 0.415707 105.512857 -110.508298 4.579740
2 24.310282 124.126300 -62.214650 -86.221928
2 -23.869904 76.613305 -23.419297 -29.324103
2 -12.994971 86.277170 -59.878829 -13.403372
2 -22.729527 76.607270 -31.177950 -22.699794
2 -54.266494 132.657035 -44.211388 -34.179148
2 -86.454535 106.398320 -26.765841 6.822058
2 -37.133869 105.626381 -75.186515 6.694006
4 -0.478124 -2.335457 -3.303688 6.117268
2 -23.044549 69.131250 -22.961425 -23.125276
2 -22.237551 77.440689 -33.195712 -22.007425
2 -23.169803 86.102040 -19.616727 -43.315506
2 -17.528957 55.474388 -18.259520 -19.685908
2 -22.494711 77.340808 -32.313021 -22.533076
2 -47.740704 93.841406 -6.436440 -39.664261
2 -14.606846 84.920216 -55.411941 -14.901428
2 -22.254248 77.803699 -22.125319 -33.424131
2 -12.560399 37.319350 -12.523967 -12.234985
2 -13.649468 55.849476 -13.696848 -28.503159
2 -20.274591 79.300995 -20.398439 -38.627964
2 -10.352495 39.672874 -10.349068 -18.971310
2 -24.862011 75.211415 -26.389476 -23.959927
2 -33.401421 59.322256 -12.964043 -12.956790
2 -23.411917 70.739219 -23.886898 -23.440403
2 -16.541033 49.783365 -16.527234 -16.715097
2 -9.338616 90.535555 -46.113804 -35.083134
2 -8.437655 42.524173 -25.614480 -8.472037
2 -8.712654 26.268152 -8.770051 -8.785447
2 -19.344998 52.013074 -16.337451 -16.330625
2 -14.479409 43.785449 -14.694381 -14.611658
2 -22.265146 70.994885 -22.394855 -26.334884
2 -42.711684 51.442799 -25.597616 16.866502
2 -18.393474 81.329468 -44.448858 -18.487136
2 -25.016366 74.738238 -24.875569 -24.846305
2 -24.997687 74.831098 -25.027448 -24.805963
2 -7.850165 92.364527 -35.493366 -49.020992
2 -17.259427 15.735836 -5.422052 6.945643
4 -3.937506 9.278375 -15.082099 9.741229
2 10.946646 34.376399 -19.571091 -25.751957
1 12.768310 -7.779667 -17.294334 12.305691
2 -4.261582 42.521352 -16.234111 -22.025658
2 30.230863 100.435679 -25.147879 -105.518666
2 -19.673228 79.899721 -19.982049 -40.244441
2 -10.999876 88.382865 -65.692454 -11.690533
2 -7.200203 10.179389 -2.561748 -0.417437
2 -27.914794 78.742430 -30.041620 -20.786013
2 -18.097762 66.200006 -35.607201 -12.495041
2 -11.678846 36.276618 -13.377825 -11.219945
2 -21.789313 77.700117 -22.463320 -33.447485
2 -22.522115 68.571388 -23.168688 -22.880588
2 -16.819284 25.347427 -11.363716 2.835572
2 -21.664185 28.810658 -6.401437 -0.745036
2 -40.346810 72.516976 -26.549943 -5.620219
2 -3.968943 18.153395 -3.986159 -10.198295
2 -15.785110 46.969811 -15.594902 -15.589799
2 -11.716899 58.139485 -11.762310 -34.660277
2 -1.431040 98.241533 -70.153482 -26.657010
2 -10.180505 50.818813 -30.708919 -9.929387
2 -16.145891 50.363903 -17.894067 -16.323943
2 -23.064414 79.006693 -35.022726 -20.919549
4 -11.758698 -11.684456 -11.955591 35.398744
4 -6.448678 -7.525533 -6.509059 20.483272
4 -24.611660 -24.785959 -24.793129 74.190750
4 -16.354850 -16.069066 -52.118319 84.542232
4 -12.664055 -38.810035 -35.139362 86.613451
4 -11.150600 -20.405612 -23.676084 55.232295
4 -13.889403 -13.777206 -13.667463 41.334075
4 -23.899528 -24.621105 -26.530167 75.050805
4 -33.788385 -20.314537 -25.699075 79.802001
4 -6.928999 -80.047970 -7.050150 94.027123
4 -18.794021 -25.993185 -18.896407 63.683614
4 -4.789885 -4.781407 -4.803482 14.374774
4 -21.018704 -21.069694 -21.731868 63.820266
4 -24.512781 -24.934333 -25.215605 74.662721
4 -24.820143 -25.349786 -24.892584 75.062512
4 -12.919419 -12.947721 -16.874143 42.741280
4 -16.781796 -1.623369 -16.077000 34.482166
4 -23.368915 -29.274267 -23.420665 76.063847
4 -33.709824 -15.685364 -34.947100 84.342290
4 -28.965880 -10.455893 -10.421563 49.843335
4 -24.306109 -23.919038 -27.122703 75.347852
4 -24.991094 -24.976301 -24.873307 74.840703
4 -19.046820 -19.171714 -18.984891 57.203425
4 -23.741648 -23.846753 -23.839474 71.427878
2 -1.326695 13.709868 -7.239006 -5.144168
4 -10.025759 -19.853850 -10.042642 39.922252
4 -26.338110 -23.484460 -26.669296 76.491866
4 -25.289353 -24.709280 -24.841958 74.840594
4 -37.451230 -18.084531 -26.242506 81.778268
4 -50.175490 -4.927914 -40.546328 95.649734
4 -6.810242 -7.955104 -77.799553 92.564901
4 -12.063790 -36.666042 -39.165834 87.895664
4 -25.649056 -25.399499 -24.297435 75.345986
4 -24.655487 -25.029035 -25.082806 74.767328
4 -16.511968 -16.652845 -16.489053 49.653867
4 -9.753139 -9.849389 -9.862670 29.465199
4 -16.270365 -16.534188 -16.345283 49.149836
4 -20.926174 -19.697200 -30.989179 71.612555
4 -21.556429 -34.657402 -22.078571 78.292401
4 -17.144881 -48.223455 -17.195381 82.563716
4 -17.731555 -17.582835 -17.666806 52.981198
4 -21.849286 -17.718935 -16.175355 55.743576
4 -15.224776 -15.396334 -26.633493 57.254603
4 -17.548024 -17.707420 -17.766227 53.021671
4 -20.244407 -27.220049 -27.825072 75.289527
4 -22.463666 -22.240034 -32.578307 77.282008
4 -13.237037 -19.194265 -18.035555 50.466858
4 -18.925936 -18.963558 -19.755983 57.645476
4 -7.056717 -25.252287 -17.048243 49.357247
4 -24.867598 -53.954402 -25.324121 104.146121
4 -61.428662 -3.698380 -3.591456 68.718496
4 -22.958830 -22.604345 -32.606410 78.169584
4 -24.522489 -26.779119 -25.048236 76.349846
4 -24.947345 -24.869427 -25.048218 74.864990
4 -12.054808 -12.247966 -12.290849 36.593623
4 -35.099204 -15.211750 -34.734353 85.045309
4 -32.764753 -20.880099 -25.819155 79.464008
4 -20.279435 -20.352755 -21.243389 61.875583
4 -77.411974 -20.633937 -33.575718 131.621631
4 -19.433166 -26.650653 -19.356389 65.440209
4 -23.651369 -23.962460 -24.036976 71.650807
4 -39.188424 -18.552214 -23.852425 81.593064
4 -23.198584 -23.188565 -30.452000 76.839151
4 -58.392390 -3.363950 -34.910641 96.666982
4 -63.010393 -1.889241 -33.134617 98.034253
4 -17.143276 -48.975713 -16.861407 82.980397
4 -14.453514 -14.686910 -24.124902 53.265327
4 -75.885386 -4.127184 -36.032286 116.044858
4 -16.228009 -16.021492 -21.792376 54.041879
4 -18.489916 -19.009233 -43.263959 80.763106
4 -12.199972 -20.191091 -12.270723 44.661787
4 -5.759769 -12.452072 -10.490198 28.702041
4 -16.360361 -16.410334 -26.241173 59.011867
4 -24.986429 -25.000112 -24.995639 74.982181
4 -5.275758 -5.299281 -5.301120 15.876159
4 -25.620982 -24.968183 -24.774501 75.363664
4 -4.532750 -4.794132 -15.520597 24.847480
4 -19.111656 -18.996335 -42.671840 80.779833
4 -26.527239 -2.788509 -3.035567 32.351314
4 -45.567137 -19.293354 -17.776048 82.636538
4 -18.009105 -18.044594 -18.153444 54.207144
4 -9.115410 -5.651802 -5.639758 20.406971
4 -19.401498 -19.494301 -19.454028 58.349827
3 -2.092837 1.765240 1.937307 -1.609709
4 -20.936729 -21.180288 -21.159993 63.277012
4 -44.834888 -15.235209 -15.129672 75.199769
4 -26.601255 -22.614048 -27.451447 76.666748
4 -13.504166 -13.821591 -32.943960 60.269718
4 -22.478452 -22.485874 -22.417882 67.382208
4 -46.707022 -34.046671 -11.185638 91.939325
4 -20.539406 -20.575324 -20.667301 61.782032
4 -16.600040 -27.411939 -39.418755 83.430736
4 -25.623668 -33.743379 -20.210507 79.577555
4 -17.519476 -17.634816 -17.548345 52.702637
4 -24.858897 -25.064283 -24.797467 74.720647
4 -23.744368 -21.626362 -21.636781 67.007512
4 -17.765992 -18.129821 -17.857412 53.753225
4 -24.972184 -25.006413 -24.830703 74.809300
4 -13.701988 -25.867102 -14.078731 53.647821
4 -20.290330 -20.187661 -20.281241 60.759232
4 -22.152039 -22.032957 -33.826747 78.011745
4 -22.246398 -23.934372 -22.150236 68.331006
4 -23.328080 -20.531268 -35.751022 79.610371
1 15.512691 -7.891997 -10.859405 3.238710
4 7.791560 -77.706855 -38.627684 108.542974
4 -19.014187 -27.980806 -19.002655 65.997647
4 -5.541528 -29.564923 -58.723020 93.829469
4 -24.944244 -24.936058 -24.912763 74.793064
4 -22.639188 -22.261903 -21.930596 66.831688
4 -1.339261 -9.945331 -1.400173 12.684766
4 -21.236587 -6.501376 -13.493290 41.231255
4 -12.285410 -12.319067 -17.378347 41.982826
4 -14.285809 -31.373308 -40.209161 85.868282
4 -22.293498 -22.637551 -31.710616 76.641663
4 -2.032810 -40.842388 -54.618143 97.493339
4 -20.550691 -37.175797 -21.971982 79.698470
4 -25.600410 -22.199405 -26.011383 73.811198
4 -20.720761 -2.986736 -8.373394 32.080891
4 -15.728822 -54.702099 -15.067239 85.498162
4 -24.739586 -24.955173 -24.953504 74.648263
4 -17.732409 -17.843083 -30.809285 66.384774
4 -25.000348 -24.694288 -24.769220 74.463856
4 -12.563530 -12.643716 -12.713951 37.921197
4 -26.241434 -12.692113 -12.544204 51.477751
4 -24.436957 -25.335749 -24.807683 74.580387
4 -60.373927 -192.442891 -56.975360 309.792183
4 -26.655955 -21.866987 -21.825357 70.348300
4 -3.667840 -57.523791 -68.254517 129.446156
4 -35.654630 -12.426749 -14.329956 62.411337
4 -25.496849 -34.776752 -22.330907 82.604508
4 -2.087828 -1.047551 -18.512306 21.647685
4 -24.839407 -25.093298 -24.546484 74.479193
4 -4.981914 -5.040392 -10.061002 20.083310
4 -22.001400 -33.662814 -22.159817 77.824033
4 -9.030415 -9.298956 -9.016596 27.345968
4 -23.939982 -24.419480 -24.460616 72.820079
4 1.972844 -64.333950 -40.114392 102.475503
4 -25.321149 -24.324605 -25.518891 75.164643
4 -58.536221 -43.370751 -45.484524 147.391493
4 -23.019951 -23.557179 -23.560876 70.138008
4 -8.614503 -8.443036 -8.472263 25.529802
4 -24.258940 -25.816185 -24.234034 74.309157
4 -13.350621 -13.495478 -18.831661 45.677762
4 -22.609809 -31.504743 -22.970462 77.085014
4 -21.706372 -2.464995 -8.368110 32.539478
4 -16.125277 -16.159615 -16.068225 48.353116
4 -37.112067 -55.239771 -30.353429 122.705269
4 -40.348140 -20.073830 -19.962840 80.384809
4 -24.352681 -21.179015 -21.248029 66.779727
4 -15.830871 -15.789879 -15.800509 47.421258
4 -12.886213 -30.967881 -42.835265 86.689360
4 -22.973315 -27.963143 -25.933859 76.870318
4 -24.382673 -24.500610 -24.399377 73.282658
4 -16.716798 -16.862597 -16.823461 50.402854
4 -4.451723 -4.348199 -6.435194 15.235114
4 -23.119199 -23.383405 -28.451238 74.953840
4 -11.284299 -11.235545 -11.203237 33.723082
4 -48.482278 -14.982786 -21.807068 85.272130
4 -10.183639 -49.484882 -62.955224 122.623748
4 -22.413139 -22.366397 -27.789231 72.568767
4 -18.804116 -18.660879 -19.481451 56.946447
4 -20.749315 -20.613435 -38.568137 79.930887
4 -41.286607 -19.669075 -19.684193 80.639877
4 -15.175901 -15.446979 -16.016000 46.638881
4 -63.187927 0.063359 -37.279203 100.403771
4 -26.335740 -0.988088 -11.818809 39.142640
4 -18.477033 -19.167830 -43.441142 81.086005
4 -16.325843 -17.871882 -49.031399 83.229124
4 -39.941444 -27.697329 -26.389096 94.027868
4 6.432359 -41.244499 -71.920761 106.732903
4 -19.759879 -36.373754 -19.755841 75.889475
4 -10.293392 -10.934452 -10.388839 31.616684
4 -70.394768 -66.866609 -22.723796 159.985180
4 32.204997 -90.722668 -89.078379 147.596045
4 -10.284494 -10.219714 -10.204579 30.708788
4 -21.034065 -14.985261 -14.976230 50.995557
4 -24.360733 -24.612080 -26.220911 75.193724
4 -18.090393 -1.934867 -2.127975 22.153234
4 -24.765010 -24.886177 -26.125974 75.777161
4 -23.959661 -12.062790 -13.004733 49.027184
4 -24.243263 -26.750521 -24.686792 75.680577
4 -14.229828 -14.369277 -25.959044 54.558150
4 -24.662740 -24.269372 -24.636760 73.568874
4 -22.708614 -22.763864 -29.501147 74.973621
4 -7.875298 -12.171970 -8.014645 28.061914
4 -25.081064 -22.797423 -22.738511 70.616999
4 1.709475 1.557554 -6.733461 3.466432
4 -5.721759 -6.870072 -80.505482 93.097314
4 -12.928915 -12.942186 -13.388855 39.259957
4 -11.096979 -11.231867 -65.191467 87.520316
4 -49.216872 -7.282119 -36.343603 92.842594
4 -25.944835 -16.865781 -16.806382 59.616997
4 -19.375063 -19.466321 -19.526380 58.367766
4 -37.772044 -13.177612 -54.254344 105.204000
4 -20.765417 -20.751917 -30.832542 72.349878
4 -18.392177 -18.391516 -25.234988 62.018682
4 -45.008172 -9.830483 -48.684777 103.523436
4 -36.072227 -18.054657 -27.827854 81.954737
4 -48.704181 -1.487471 -48.123602 98.315254
4 -14.115043 -13.782935 -58.282091 86.180067
4 -35.236586 -6.650516 -6.749895 48.636998
4 -9.264222 -28.987309 -13.149217 51.400751
4 -31.078735 -5.868762 -15.689176 52.636673
4 -24.800846 -25.182714 -25.078925 75.062486
4 -8.728134 -8.851291 -8.748794 26.328219
4 1.849818 -1.894102 -18.786617 18.830902
4 -7.381014 -7.377692 -7.474992 22.233699
4 -21.857575 -22.007064 -33.466006 77.330644
4 -24.927862 -24.830892 -24.908890 74.667647
4 -3.256437 -3.292989 -3.286979 9.836406
4 -7.327033 -7.258279 -14.777079 29.362392
4 0.990426 -56.559427 -44.606239 100.175240
4 -12.675168 -15.211951 -18.392198 46.279316
4 -11.581969 -11.787468 -20.856795 44.226234
4 -14.775510 -14.744667 -18.346601 47.866777
4 -17.527481 -21.800503 -43.919826 83.247810
4 -5.529394 -15.903889 -5.579820 27.013102
4 -16.950115 -16.890063 -49.274813 83.114991
4 -17.571564 -17.550915 -47.301425 82.423908
4 -25.208885 -25.357714 -24.707299 75.273898
4 -10.441468 -18.101530 -15.434503 43.977500
4 -24.913575 -24.820730 -25.100798 74.835104
4 -24.917060 -25.034980 -24.883347 74.835386
4 -12.034254 -7.997211 -25.834177 45.865644
4 0.859638 -25.256479 0.483130 23.913712
4 -17.497095 -17.813456 -22.124921 57.435472
4 -15.220270 -15.099924 -55.020487 85.340682
4 38.337908 -118.391293 -60.217595 140.270974
4 -1.827197 -6.398145 -1.898987 10.124330
4 -7.246356 -6.608830 -6.635986 20.491172
4 -20.054508 -20.142185 -19.907075 60.103770
4 -10.728573 -10.774191 -10.636351 32.139116
4 -16.995126 -17.553229 -48.748697 83.297051
4 -42.477557 -18.167658 -23.322913 83.968131
4 -18.352820 -18.225544 -18.130959 54.709326
4 0.275550 -23.282520 0.021063 22.985908
4 -16.434513 -51.520476 -17.033790 84.988781
4 -20.905423 -0.793847 -8.405006 30.104278
4 -23.126412 -12.238636 -12.362216 47.727264
4 -27.415724 -21.296434 -18.094834 66.806990
4 -35.576342 -21.421713 -21.746773 78.744827
4 -24.704473 -25.041057 -24.969870 74.715399
4 -13.640585 -13.667574 -13.743626 41.051785
4 -10.322557 -10.343470 -10.316070 30.982096
4 -24.857723 -24.963814 -25.036091 74.857625
1 20.023447 -3.788065 -9.248808 -6.986574
4 -6.852541 -6.883258 -6.898881 20.634682
4 -22.844514 -23.782301 -32.613693 79.240509
4 -19.326333 -65.206505 -36.331789 120.864631
4 -56.623814 -7.394568 -29.481421 93.499803
4 -16.910742 -32.770970 -57.760471 107.442184
4 -13.084428 -13.147882 -13.156009 39.388321
4 -62.325978 -10.899367 -58.273771 131.499117
4 -23.583945 -23.401059 -29.611112 76.596120
4 -15.497545 -15.306917 -53.661124 84.465582
4 -18.370890 -19.391088 -19.165701 56.927680
4 -12.886940 -11.624254 -11.670339 36.181532
4 -41.142343 -13.549992 -32.307533 86.999869
4 -24.732046 -24.909633 -25.272685 74.914366
4 -21.361464 -21.292678 -35.833951 78.488092
4 -34.892403 -14.443944 -37.200497 86.536846
4 -36.412325 -21.230806 -21.412198 79.055330
4 -23.871944 -24.502121 -27.578814 75.952878
4 -24.822871 -17.269337 -40.663223 82.755435
4 -10.302514 -10.445392 -10.413700 31.161607
4 -10.605767 -11.067372 -67.822222 89.495362
4 -21.945662 -21.642035 -34.748719 78.336416
4 -24.047933 -20.657168 -20.705787 65.410888
4 -41.650566 -46.395979 -24.996513 113.043062
4 -13.724937 -19.218565 -9.848035 42.791538
4 -17.697765 -17.768626 -17.699416 53.165806
4 -29.727782 -5.202453 -5.339548 40.269783
4 -24.534807 -26.172042 -24.736530 75.443378
4 -21.887117 -21.449958 -36.318588 79.655662
4 -24.654260 -24.847053 -25.336675 74.837988
4 -23.269847 -23.254208 -23.243884 69.767940
4 -17.977719 -41.584929 -22.348491 81.911135
4 2.065592 -29.513997 -74.948688 102.397093
4 -18.916285 -15.896166 -26.877452 61.689904
4 -37.810054 -11.955439 -37.731930 87.497425
4 -7.775930 -37.006547 -47.307168 92.089644
4 -19.589884 -19.530841 -20.776974 59.897699
4 -24.928879 -24.786453 -24.942065 74.657398
4 -21.253516 -36.227449 -21.240303 78.721267
4 -23.949545 -16.782010 -16.687084 57.418640
4 -24.439618 -24.639022 -24.459888 73.538529
4 -19.244733 -28.369433 -52.886612 100.500780
4 -17.457456 -8.814713 -12.695327 38.967496
4 -16.295031 -17.286983 -16.439362 50.021376
4 -12.092686 -12.073040 -12.160507 36.326235
4 -19.327667 -19.417705 -42.380283 81.125657
4 -25.007641 -24.943075 -25.099342 75.050061
4 -47.828951 -15.469255 -21.195386 84.493590
4 -4.592265 -4.620596 -9.553107 18.765968
4 -38.127799 -16.121897 -29.123800 83.373498
4 -28.330385 -16.834536 -19.898852 65.063772
4 -9.472874 -14.850642 -9.558026 33.881543
4 -22.520321 -22.432047 -33.307105 78.259477
4 -13.467157 -13.360968 -13.444533 40.272658
4 -17.419639 -17.556331 -28.299240 63.275209
4 -4.922074 -15.496603 -7.861905 28.280582
4 -22.376415 -13.212669 -13.082008 48.671093
4 -9.014558 -10.156289 -11.096177 30.267026
4 -17.293635 -16.913788 -21.000118 55.207541
4 -8.721893 -25.330566 -34.675903 68.728364
4 -25.037666 -25.047330 -24.850889 74.935886
4 -12.344649 -12.359331 -19.133520 43.837501
4 -54.209459 -1.853339 -42.398321 98.461121
4 -14.574443 -10.387524 -22.212195 47.174161
4 -19.323433 -4.168775 -11.812076 35.304284
4 -3.000319 -17.508712 -79.250995 99.760029
4 -6.787818 -6.838327 -6.810449 20.436594
4 -8.348084 -23.957457 -58.220234 90.525776
4 -20.754366 -11.617089 -27.627152 59.998608
4 -6.090938 -18.955644 -67.137758 92.184339
4 -23.539989 -55.627720 -11.163782 90.331491
4 -2.705420 -2.714902 -2.682442 8.102765
4 -9.902260 -27.934030 -9.839607 47.675897
4 -21.906742 -22.736606 -33.602099 78.245447
4 -14.663200 -35.164776 -35.793705 85.621682
4 -24.951280 -25.006089 -24.813358 74.770727
4 -45.688275 -8.679422 -36.761428 91.129123
4 -5.082203 4.576037 -12.878097 13.384263
4 -35.377537 -19.353282 -25.918353 80.649174
4 -22.161940 -22.343874 -22.203789 66.709604
4 -23.647178 -23.931348 -28.248517 75.827043
4 -20.484250 -28.774514 -29.955551 79.214316
4 -15.078590 -38.545614 -31.962124 85.586330
4 -16.735478 -15.298785 -29.230318 61.264582
4 -28.805236 -30.087907 -19.495711 78.388854
4 -20.151818 -20.600947 -39.639516 80.392282
4 -82.434344 -137.554005 -32.264152 252.252503
4 -20.375962 -14.992181 -14.930608 50.298751
4 -21.561660 -0.985755 -19.888789 42.436206
4 -20.790970 -30.898592 -20.983183 72.672746
4 -16.712156 -17.421169 -19.892110 54.025436
4 -89.310780 -33.190316 -18.369009 140.870106
4 -11.989470 2.064996 -1.366268 11.290744
4 -17.740605 -15.394429 -32.147407 65.282441
4 -5.053762 -4.719182 -15.492030 25.264972
4 -25.529642 -24.598951 -24.815079 74.943672
4 -10.457938 -45.007650 -33.433281 88.898868
4 -14.020167 -14.037065 -13.976367 42.033599
4 -14.090536 -31.662958 -40.109382 85.862876
4 -18.629734 -18.724928 -23.233972 60.588635
4 -27.155758 -24.196543 -24.186645 75.538945
4 -61.865360 -12.719163 -12.661729 87.246252
4 -18.968842 -19.191734 -22.360988 60.521565
4 -2.592989 -2.810646 -15.924880 21.328516
4 -13.233845 -50.019334 -13.279819 76.532999
4 -63.291696 1.487414 -39.027297 100.831578
4 -13.004637 -12.770640 -13.298605 39.073884
4 -17.507502 -48.339478 -16.901796 82.748776
4 -24.635563 -25.000684 -25.066095 74.702340
4 -16.061676 -15.640265 -15.753461 47.455401
4 -27.426728 14.280076 -13.966202 27.112856
4 -29.109271 -34.079456 -18.540977 81.729703
4 -5.736787 -11.978257 -5.698750 23.413794
4 -25.183578 -24.655517 -24.940823 74.779924
4 -25.118056 -24.935914 -24.976588 75.030559
4 -29.199487 8.524216 -12.382725 33.057999
4 -34.876825 -21.761115 -21.875300 78.513244
4 -17.482913 -10.706491 -10.675886 38.865290
4 -11.126001 -22.937364 -11.036652 45.100018
4 -34.451480 1.404433 -16.632541 49.679585
4 -18.442923 -18.599483 -18.344451 55.386857
4 -20.751609 -20.845459 -20.830320 62.427389
4 -22.773504 -22.981114 -22.846236 68.600853
4 -11.831474 -33.591240 -42.606580 88.029293
4 -57.360888 1.078912 -44.760811 101.042795
4 -25.131086 -25.496995 -23.004318 73.632396
4 -22.709203 -22.410724 -32.801554 77.921483
4 -12.005697 -11.967669 -12.135484 36.108849
4 -33.233294 -20.223014 -20.218070 73.674376
4 -52.794005 -39.014765 -32.409556 124.218329
4 -12.908530 -12.919478 -13.681445 39.509453
4 -22.860177 -31.522655 -22.903142 77.285976
4 -20.126448 -26.539132 -33.201740 79.867320
4 -10.499595 -51.844022 -26.611251 88.954868
4 -14.459411 -33.254520 -37.825170 85.539106
4 -47.642445 -5.889097 -6.789614 60.321155
4 -10.672719 -31.794558 -46.746195 89.213473
4 -5.917560 -10.035652 -5.953293 21.906506
4 -27.497445 -10.815082 -10.766783 49.079311
4 -11.696687 -18.831354 -59.341553 89.869591
4 -23.292674 -21.546150 -21.515039 66.353866
4 -46.500716 -13.732600 -26.255225 86.488546
4 -14.350135 -14.495506 -14.418749 43.264390
4 -0.900344 -48.224789 -50.270955 99.396090
4 -18.524313 -18.618004 -20.456461 57.598779
4 -13.068794 -12.866568 -61.099301 87.034663
4 -20.016983 -20.042312 -19.752983 59.812281
4 -24.686984 -25.007255 -24.955337 74.649576
4 -0.117554 -0.168216 -7.168051 7.453822
4 -24.217171 -25.160222 -26.209739 75.587130
4 -11.174449 -11.216712 -26.305716 48.696878
4 -33.467905 -11.463338 -43.143031 88.074276
4 -12.345065 -20.451903 -55.264549 88.061512
4 -32.751196 -12.032855 -20.141546 64.925599
4 -22.581409 -22.692785 -30.817415 76.091610
4 -25.011500 -24.931111 -24.888890 74.831504
4 -11.971779 -26.870820 -49.223225 88.065827
4 -24.928199 -24.992812 -24.881954 74.802964
4 -22.694961 -22.587972 -22.614231 67.897164
4 -24.251657 -26.289015 -24.472574 75.013247
4 -24.891462 -24.637988 -24.641390 74.170837
4 -28.789138 -21.402937 -21.395304 71.587379
4 -21.551268 -21.923011 -34.423859 77.898140
4 -23.150256 -26.959987 -23.099809 73.210054
4 -29.874575 -12.030745 -45.827996 87.733318
4 -23.443244 -29.426981 -23.550289 76.420514
4 -72.649262 -10.488624 -57.405736 140.543631
4 -14.504395 16.870707 -38.440088 36.073780
4 -19.340515 -19.037655 -18.938209 57.316383
4 -10.374013 -10.301258 -20.665584 41.340856
4 -50.908096 -27.067901 -47.511910 125.487909
4 -12.615045 -17.511194 -12.715008 42.841247
4 -24.826040 -24.894262 -24.869736 74.590037
4 -24.565422 -24.838646 -25.920730 75.324796
4 -11.506717 -13.965548 -36.162224 61.634489
4 -24.727639 -23.607223 -23.665722 72.000583
4 -27.279547 -1.163828 -21.837453 50.280830
4 -6.331620 -9.997009 -24.052381 40.381012
4 -23.433692 -18.077867 -40.566581 82.078141
4 -24.031176 -21.707341 -32.644260 78.382781
4 -18.277234 -19.208864 -18.497290 55.983388
4 -33.847889 -17.233595 -17.160445 68.241926
4 -52.396939 -6.185861 -37.906924 96.489725
4 -25.589604 -23.544062 -23.482863 72.616531
4 -6.099873 -6.148976 -6.276024 18.524873
4 -3.589168 -15.362193 -10.750644 29.702005
4 -22.668298 -22.740895 -31.808768 77.217961
4 -12.536762 -13.343084 -61.034003 86.913849
4 -25.501347 -24.344939 -26.228621 76.074907
4 -50.309704 -16.689891 -16.494926 83.494523
4 -25.000756 -24.973251 -24.845644 74.819652
4 -10.419509 -41.477684 -11.929937 63.827129
4 0.968293 0.891738 -4.539844 2.679812
4 -29.228515 -20.184691 -24.906683 74.319891
4 -24.792868 -24.861428 -24.953740 74.608041
4 -47.318164 -5.281949 -41.314236 93.914353
4 -13.517064 -18.804090 -13.520420 45.841574
4 -9.423414 -9.440055 -16.140319 35.003790
4 -15.947168 -12.137578 -12.035303 40.120049
4 -15.491062 -27.182257 -15.439044 58.112362
4 -23.102497 -21.510107 -21.436758 66.049361
4 -28.631303 -18.924046 -32.619239 80.174588
4 1.236693 -10.424197 -5.347163 14.534667
4 -10.903879 -8.261143 -21.611529 40.776551
4 -8.345320 -36.688763 -47.196173 92.230261
4 -18.810642 -18.912628 -19.647564 57.370833
4 -44.986345 -14.131737 -26.252194 85.370278
4 -19.112188 -0.683975 -6.720787 26.516950
4 -29.423928 -22.860948 -24.905682 77.190556
4 -15.267614 -15.328283 -15.241986 45.837885
4 -18.985178 -27.684263 -34.658126 81.327565
4 -10.190440 -9.179768 -11.595998 30.966208
4 -5.925662 1.935758 -14.509288 18.499192
4 -8.467211 -8.576688 -16.104792 33.148693
4 -17.133104 -41.738304 -17.241171 76.112580
4 -15.012401 -38.871111 -31.087714 84.971227
4 -0.057412 0.043095 -29.040983 29.055304
4 -10.384167 -10.268380 -13.854886 34.507436
4 -30.502927 -13.710412 -43.407827 87.621165
4 -20.575214 -19.220652 -19.249388 59.045255
4 -24.739087 -26.182351 -24.257653 75.179094
4 -8.601265 -8.597540 -20.047688 37.246494
4 -23.045986 -19.958293 -36.808766 79.813045
4 -19.610427 -31.714909 -28.910364 80.235701
4 -24.635156 -24.856065 -25.403658 74.894879
4 -16.947421 -18.460393 -48.213421 83.621234
4 -39.278652 -20.187135 -20.226454 79.692238
4 -5.277055 -14.960074 -5.274833 25.511963
4 -9.762885 -9.718631 -9.791632 29.273149
4 -11.630799 -11.524135 -11.611557 34.766490
4 -6.849331 -6.402745 -8.682278 21.934356
4 -20.279382 -20.213057 -20.569438 61.061877
4 -16.936279 -34.529289 -17.176763 68.642332
4 -10.206838 -23.066185 -10.349209 43.622232
4 -24.734852 -24.984706 -24.926487 74.646043
4 -12.094084 -21.207488 -54.532064 87.833631
4 15.205867 -61.244743 -69.872479 115.911359
4 -25.626682 -12.879181 -49.579986 88.085852
4 -49.170477 -15.475999 -19.630642 84.277120
4 -24.674076 -24.827123 -25.451539 74.952738
4 -18.255095 -18.397218 -18.788927 55.441241
4 -16.214876 -16.313296 -16.201532 48.729703
4 -20.772401 -0.704736 -79.616736 101.093877
4 -25.255657 -20.714273 -20.612594 66.582525
4 -1.283994 -46.663064 -50.810585 98.757643
4 -5.004157 -4.368982 -3.507150 12.880288
4 -22.858698 -28.325060 -48.234676 99.418439
4 -9.222888 -9.274319 -14.253854 32.751062
4 -18.538848 -18.876694 -14.956315 52.371857
4 -18.556875 -18.368252 -38.346252 75.271379
4 -31.525862 -37.647685 -30.002439 99.175986
4 -13.360852 -32.850022 -39.873431 86.084305
4 -15.976397 -15.842949 -51.638690 83.458035
4 -12.473533 -2.459451 -2.643615 17.576600
4 -19.962686 -33.318232 -26.789236 80.070152
4 -23.843683 -23.837212 -24.730990 72.411885
4 -10.212159 -10.274006 -10.263767 30.749934
4 -24.659785 -25.432868 -25.026051 75.118708
4 -31.269500 -17.580075 -17.534412 66.383986
4 -24.952511 -25.056908 -24.942530 74.951947
4 -19.830999 -40.346304 -20.288577 80.465882
4 -13.121909 -10.765014 -23.801628 47.688552
4 -22.939875 -18.736126 -29.869053 71.545056
4 -13.353564 -30.334064 -42.530281 86.217916
4 -8.786656 -38.067546 -97.708126 144.562323
4 -44.367248 -53.752879 -24.532433 122.652559
4 -24.666222 -24.900039 -25.020942 74.587202
4 -24.897288 -25.062212 -24.993069 74.952569
4 -10.968263 -48.893825 -29.143357 89.005448
4 -22.501985 -24.370150 -31.523351 78.395493
4 -34.995206 -20.217164 -20.177177 75.389549
4 -11.983358 -11.954480 -11.915083 35.852922
4 -9.700233 -70.009443 -10.904005 90.613683
4 -25.828781 -14.737771 -17.219859 57.786413
4 -22.108628 -22.174694 -33.121635 77.404958
4 -15.759528 -15.446759 -15.966682 47.172972
4 -13.963665 -13.945381 -14.125683 42.034729
4 -14.666320 -41.533354 -28.659180 84.858855
4 -24.538507 -24.966861 -24.998803 74.504175
4 -20.316443 -17.958464 -43.904445 82.179355
4 -23.047932 -28.182817 -25.030441 76.261191
4 -36.956299 -5.752124 -53.270601 95.979025
4 2.358806 -57.621343 -47.037449 102.299987
4 -22.356733 -22.281876 -22.217084 66.855693
4 -67.921842 3.042847 -91.388908 156.267903
4 -15.167336 -5.989650 -73.508788 94.665772
4 -22.038890 -21.921080 -22.063482 66.023452
4 -10.433472 -18.944748 -15.013428 44.391647
4 -21.317490 -22.064893 -35.003427 78.385811
4 -2.178281 -4.299411 -2.171400 8.649092
4 -21.720366 -18.279079 -35.411865 75.411310
4 -23.785093 -23.493596 -29.222694 76.501384
4 -23.130053 -23.059360 -22.659657 68.849070
4 -24.821408 -25.187817 -24.926037 74.935263
4 -20.017703 -10.717545 -10.682970 41.418220
4 -5.609899 -48.210882 -5.601362 59.422145
4 -22.164176 -19.460531 -45.342653 86.967363
4 -9.271911 -9.316917 -9.251763 27.840591
4 -25.010549 -24.874886 -24.994079 74.879512
4 -6.420746 -6.415471 -17.919798 30.756015
4 -30.744761 -23.560883 -23.308679 77.614326
4 -19.847866 -19.919104 -19.964380 59.731351
4 -19.618418 -20.368514 -25.922870 65.909804
4 -7.700170 -51.870852 -31.800897 91.371918
4 -40.906470 -16.195816 -28.283491 85.385777
4 -24.961507 -25.015859 -24.935601 74.912966
4 -16.922923 -16.977924 -16.927122 50.827968
4 -16.400598 -16.443604 -16.843399 49.687600
4 -17.257185 -44.075940 -21.554103 82.887225
4 -6.949082 -11.097822 -6.993983 25.040887
4 -11.412074 -12.677466 -11.411756 35.501296
4 -10.351132 -67.821093 -11.243897 89.416122
4 -22.409755 -22.875269 -26.460072 71.745098
4 -28.391026 -41.926772 -14.855836 85.173636
4 -23.878760 -24.179890 -26.679082 74.737737
4 -3.908620 -8.162205 -14.353498 26.424323
4 -24.636555 -24.777551 -24.607106 74.021213
4 -19.658094 -19.926264 -19.724939 59.309296
4 -16.141111 -34.918021 -16.338344 67.397478
4 -24.614446 -26.581294 -24.614172 75.809912
4 -19.682207 -19.857961 -24.085788 63.625956
4 -20.630629 -20.630716 -24.777635 66.038981
4 -25.647896 -10.720157 -52.625697 88.993755
4 -23.425932 -23.338331 -30.449212 77.213473
4 -18.666027 -18.805549 -18.720301 56.191878
4 -24.256717 -23.696542 -23.705993 71.659253
4 -15.242045 -20.639088 -48.810851 84.691985
4 -12.341776 -19.546429 -12.354881 44.243083
4 -12.481915 -12.390288 -15.900617 40.772821
4 -15.292386 -21.551645 -19.815516 56.659546
4 -10.457232 -10.543212 -10.645885 31.646331
4 -22.958794 -31.027652 -22.950496 76.936941
4 -11.425217 -14.497899 -11.612635 37.535749
4 -17.394771 -34.985164 -30.143593 82.523527
4 -22.515517 -33.102948 -21.771562 77.390028
4 -23.751585 -24.019238 -28.068687 75.839510
4 -18.655704 -18.618991 -18.673335 55.948032
4 -5.867624 -5.478760 -83.371282 94.717666
4 -20.532101 -9.118832 -9.025438 38.676372
4 -16.444863 -14.466990 -14.456768 45.368622
4 -15.302215 -15.476084 -23.237424 54.015722
4 -21.627977 -9.967751 -9.875884 41.471612
4 -6.000347 -5.233318 -42.780001 54.013666
4 -14.032992 -19.064643 -11.373962 44.471597
4 -27.838821 -24.994173 -23.682643 76.515641
4 -20.138164 -6.169649 -6.079704 32.387516
4 -21.122140 -21.278348 -21.134482 63.534972
4 -17.482913 -10.706491 -10.675886 38.865290
4 -47.578200 1.258263 -54.431469 100.751405
4 -10.614106 -10.638127 -10.674603 31.926836
4 -3.895205 -3.727116 -12.132881 19.755204
4 -17.791666 -17.751583 -20.096567 55.639818
4 -19.112188 -3.719357 -6.720787 29.552332
4 -51.450079 -16.512074 -20.939244 88.901406
4 -18.223954 -18.586416 -18.885804 55.696177
4 -24.591496 -24.977503 -26.641334 76.210333
4 -18.067312 -18.288446 -18.380756 54.736515
4 -11.200019 -11.166422 -11.218139 33.584580
4 -4.763882 -21.431656 -69.653749 95.849289
4 -10.819009 -8.013409 -8.018771 26.851188
4 -16.309499 -22.860134 -43.985866 83.155498
4 -6.844759 -6.823201 -6.834214 20.502175
4 -6.961076 -7.562193 -13.796940 28.320209
4 -9.414565 -12.751882 -3.235937 25.402384
4 -19.332801 -19.643623 -41.935206 80.911633
4 -22.560416 -30.936570 -23.116212 76.613197
4 -24.579543 -26.189203 -24.761097 75.529843
1 8.383396 7.992767 -11.515117 -4.861045
4 -21.505819 -21.452712 -21.592584 64.551115
4 -12.543162 -12.368982 -33.102603 58.014745
4 -20.436659 11.168832 -10.027124 19.294951
4 -7.908567 -21.219181 -7.944817 37.072565
4 -21.707395 -26.425840 -30.573956 78.707192
4 -23.793443 -23.977884 -27.970125 75.741454
4 -37.846833 -24.030214 -42.471094 104.348137
4 -21.929170 -22.248208 -27.323543 71.500923
4 -6.521313 -6.681103 -6.482407 19.684822
4 -15.447522 -29.502101 -16.389956 61.339575
4 -25.375607 -10.928182 -10.814134 47.117925
4 -60.673004 -13.318969 -12.682254 86.674226
4 -12.087699 -8.652445 -10.189147 30.929290
4 -45.783010 -18.170923 -17.985843 81.939777
4 -27.324067 25.331509 -25.752330 27.744887
2 -4.381412 10.471423 -9.210751 3.120741
4 -24.054432 -11.978110 -56.494525 92.527065
4 -1.310392 -14.841223 -2.501315 18.652932
4 -23.262819 -17.842861 -23.957335 65.063014
4 -22.199277 7.878473 -7.314681 21.635486
4 -14.590428 -34.636157 -12.410361 61.636951
4 -5.897793 -3.260164 -15.118063 24.276020
1 6.591806 5.876664 -10.870090 -1.598381
4 -17.941392 -5.142117 -19.508339 42.591848
2 -15.698095 11.106704 3.234576 1.356814
4 -36.975769 6.659964 -4.842403 35.158207
4 -0.285838 -30.798682 -26.402111 57.486631
4 -5.128841 -19.177075 -12.349563 36.655479
4 -7.619698 3.471677 -8.706016 12.854039
4 11.726495 1.929124 -30.749405 17.093790
4 -12.659427 -12.976947 -75.929624 101.566002
2 -19.374399 30.646671 -26.221338 14.949065
2 8.446496 15.988795 -28.087112 3.651819
2 1.645307 5.180368 0.164962 -6.990636
4 -20.627084 -22.575555 -28.325582 71.528220
4 -60.244368 37.740890 -43.844503 66.347986
4 38.959884 -19.033808 -79.940021 60.013948
4 -25.091628 12.821580 -26.615657 38.885703
4 -38.358789 -11.871528 -22.076485 72.306801
1 5.067672 0.768899 -1.617964 -4.218606
4 -3.997966 -25.578451 -11.775092 41.351507
4 -18.084326 12.629928 -23.819831 29.274230
4 7.672404 -20.641755 -22.335347 35.304698
4 0.174273 -4.821944 -26.125825 30.773498
4 -8.923419 -14.220100 5.668151 17.475367
4 -12.482873 -8.570966 -14.347086 35.400926
4 -20.101207 -0.499316 -5.837190 26.437716
4 -7.076439 -27.710249 -25.904974 60.691664
4 -32.444051 -23.525766 -18.292624 74.262441
4 -12.035633 -17.592784 -35.470033 65.098452
4 17.926191 -32.578587 -28.548208 43.200601
4 3.466366 -41.511301 -2.941295 40.986231
4 -11.539247 -9.503810 -9.888191 30.931249
4 51.854387 -79.131613 -26.498422 53.775647
4 -13.839679 -0.560250 -15.428465 29.828392
4 29.207599 -24.089922 -39.288191 34.170515
4 -26.490912 -16.497862 -6.483772 49.472546
2 4.299843 5.626256 -6.871751 -3.054348
4 -30.486945 -52.431211 -21.192276 104.110434
4 2.683251 0.281435 -30.340330 27.375643
4 -32.433341 -2.983298 -8.403774 43.820413
4 12.531717 -13.910064 -37.017177 38.395524
1 19.950697 10.615647 -32.822627 2.256285
4 -39.807098 3.257672 -10.639557 47.188980
4 -7.375993 9.849675 -12.849262 10.375580
4 -22.053598 -23.390603 -13.052060 58.496263
2 -9.649043 40.007654 -10.530716 -19.827893
4 -6.979678 -19.432429 -9.964568 36.376677
4 -12.306169 -3.243692 -47.869956 63.419818
4 -4.240454 -16.564166 -24.740682 45.545302
4 7.237180 -13.297392 -5.292870 11.353082
2 0.335548 2.777778 -0.107221 -3.006104
4 -10.427695 -12.010482 -54.759799 77.197976
4 -29.597844 0.220660 -7.669109 37.046293
4 0.610557 2.084471 -15.995061 13.300032
4 -1.909029 -14.954913 -12.942136 29.806077
4 11.437216 -19.706700 -23.668045 31.937530
4 12.038032 -78.716100 -28.156029 94.834095
4 -36.958195 -25.255295 -24.803699 87.017189
4 1.825717 -33.629720 -25.741658 57.545662
1 37.925067 -16.691219 -33.605381 12.371532
4 -23.097381 14.082301 -10.327892 19.342974
1 84.366087 -25.776769 -52.543162 -6.046153
4 -23.258225 -32.384110 -14.618113 70.260448
1 52.866726 -22.085724 -27.542406 -3.238596
4 -13.455000 -12.111213 -5.063194 30.629409
1 19.876876 -36.360168 2.496954 13.986336
2 -2.524665 6.559135 -6.122927 2.088457
4 -27.780554 13.931852 -33.086257 46.934959
4 -31.989262 -12.976273 -21.164172 66.129709
4 -24.852033 5.525970 -6.515186 25.841249
1 29.169072 -46.113787 -1.043872 17.988585
4 -21.577850 -37.587199 5.440939 53.724112
4 -0.724345 -36.689455 -15.960865 53.374663
4 -11.301601 2.508816 -8.774125 17.566911
4 43.183117 -92.188961 -59.506800 108.512650
2 -1.667852 2.347436 -2.927260 2.247676
4 7.458797 -24.094958 -14.050266 30.686427
1 44.678283 -38.898910 -44.561637 38.782270
1 9.551472 -17.894826 -0.499363 8.842719
4 -39.927438 -20.558463 -28.149538 88.635438
1 31.197619 -31.258282 -20.790292 20.850955
4 6.797272 2.366399 -28.327930 19.164260
4 26.101216 -34.173506 -27.424834 35.497124
1 17.920696 5.098185 -17.109680 -5.909202
4 -3.625989 -8.861652 -25.794273 38.281914
4 6.422160 -33.196068 -7.401193 34.175102
4 -69.371813 49.669016 -53.895819 73.598615
1 14.973081 -5.145582 -12.783460 2.955963
1 7.689079 -1.788607 -3.878043 -2.022428
4 -29.839460 -43.162849 -18.565506 91.567818
2 -48.113064 223.852935 -38.960298 -136.779576
4 -15.555359 -12.931183 -32.283615 60.770154
2 2.536043 4.783804 -10.707444 3.387597
4 10.529943 -19.371957 -22.963802 31.805815
4 7.904832 -20.038762 -4.819707 16.953636
4 2.609687 -11.006334 -6.428163 14.824811
2 6.801953 33.409369 -29.746831 -10.464491
4 -16.020526 -2.180807 -8.312672 26.514005
4 -37.888394 10.229953 -22.863384 50.521827
4 -0.539281 -8.876264 -1.634767 11.050313
4 0.002067 -24.588573 -25.491210 50.077716
4 -32.268534 0.346293 -21.762238 53.684478
1 25.757133 -34.183847 -8.193197 16.619910
4 -11.054111 -4.793346 -30.224534 46.071989
1 19.506120 -20.427104 8.055429 -7.134444
4 -22.237780 -11.300514 -37.461838 71.000136
2 1.543854 15.224574 -25.539091 8.770662
2 -1.082179 20.394761 -19.634839 0.322257
2 6.606229 23.862449 -8.816531 -21.652148
4 7.977901 -34.608208 -8.745004 35.375309
4 -30.593697 -5.282937 -9.241041 45.117678
4 -6.962909 -6.208104 -35.243881 48.414896
4 9.626540 -0.356040 -36.916320 27.645820
4 -18.700811 7.192999 -16.862533 28.370346
1 42.639278 -14.496476 -41.761395 13.618592
1 9.383727 3.453724 -2.083700 -10.753751
4 -6.355802 -19.481738 -16.217482 42.055021
4 -11.679496 -18.804090 -9.802433 40.286018
4 -2.771515 -5.726249 0.538278 7.959486
4 -5.147107 -8.796145 -18.295366 32.238619
4 -23.361464 0.674514 -8.760456 31.447405
4 -12.042538 -10.794919 -29.016643 51.854103
4 -4.868090 -13.647090 -11.659095 30.174275
4 -5.850776 -11.259618 -2.848360 19.958753
4 -13.466947 -15.581108 -29.720546 58.768600
4 -16.785103 -58.116186 -41.405116 116.306405
4 6.457645 -32.940675 -15.308318 41.791349
4 -4.920277 -20.364639 -12.878022 38.162938
3 -10.437181 -26.403209 24.461034 12.379358
4 -28.009174 -2.362681 -17.109858 47.481715
4 14.062841 -38.889326 -36.088777 60.915263
4 27.488080 -38.780123 -63.671069 74.963116
4 -26.633076 10.376662 -37.572121 53.828537
2 -3.039679 16.937828 -27.472879 13.574730
4 -16.279525 -11.546856 -17.769811 45.596194
4 -18.229951 -21.411745 -12.320944 51.962639
4 9.028225 -2.528097 -22.657881 16.157754
4 -15.730264 6.453211 -42.777257 52.054310
4 -31.704617 2.169931 -17.403752 46.938438
1 40.749700 -29.062575 -25.149399 13.462276
1 17.279838 -3.786968 -4.037028 -9.455841
4 -39.865406 -13.550149 -25.703671 79.119228
2 -24.440202 32.132590 -2.557063 -5.135324
4 -10.736085 -0.217992 -8.971728 19.925805
4 -13.660300 5.559882 -7.903558 16.003975
4 -10.668144 -9.996965 -3.533027 24.198136
4 -15.574189 -5.465974 6.617579 14.422585
4 -3.257335 -4.392521 -16.875043 24.524900
4 -34.686140 -27.907261 -37.067497 99.660897
2 15.105344 15.497714 -27.860092 -2.742966
2 -4.554937 10.067154 -3.946318 -1.565898
4 -17.608884 2.451831 -9.677205 24.834258
4 -40.971331 -13.871639 -1.194178 56.037147
4 -42.543001 -35.168459 -47.051104 124.762564
4 -11.945239 -44.138677 -31.531305 87.615226
4 -0.049429 -3.249896 -10.497829 13.797152
4 -47.962263 -22.287710 -32.743625 102.993597
4 -3.920653 1.488438 -18.239364 20.671580
4 7.878872 -10.864726 -12.512250 15.498104
4 -33.256480 20.561705 -26.134822 38.829598
2 -14.232300 11.304378 2.168637 0.759285
4 0.031230 2.986037 -8.664829 5.647563
4 -13.777137 6.348837 -37.106694 44.534995
4 -59.919011 4.871954 -27.857808 82.904866
4 -4.556985 -7.445929 -1.891100 13.894013
1 51.333069 -25.118187 -24.121257 -2.093624
4 -21.465684 1.844024 -8.292316 27.913978
1 90.986390 41.402833 -61.566682 -70.822541
4 31.029083 -78.094477 1.232402 45.832993
4 -27.767280 -12.404488 -36.606013 76.777780
4 2.308373 -20.591457 -27.539733 45.822818
4 -13.875749 5.793872 -24.769367 32.851242
1 4.489153 -8.585741 0.073381 4.023209
4 -28.481249 16.621265 -84.459132 96.319115
4 15.597300 -30.988697 -21.548281 36.939677
4 -15.242721 -10.380498 -6.530011 32.153230
4 -20.769778 -6.227843 -2.490503 29.488122
4 -22.290944 -7.893074 -23.866643 54.050660
4 -10.375690 -11.086050 6.360726 15.101014
4 -9.122973 -40.901176 3.855141 46.169008
4 -46.017847 8.580065 -20.144318 57.582099
4 4.623649 -20.978410 -24.742162 41.096921
4 2.094101 -17.569805 -34.541340 50.017044
4 -13.882540 -7.726411 -0.452909 22.061859
4 -22.293832 15.704585 -23.250762 29.840012
4 19.534327 -55.725762 -50.255749 86.447186
4 -20.403827 -15.429290 -12.592168 48.425285
4 -22.669164 -3.575955 -23.330682 49.575802
1 50.553485 -34.613985 -18.059232 2.119731
4 -41.071477 -24.121834 -15.568740 80.762049
3 -11.592839 2.180512 11.591949 -2.179623
4 6.386537 -35.409927 -7.190172 36.213561
4 -34.167057 -1.645136 -19.196253 55.008448
