2 -24.493188 75.504405 -26.640942 -24.370263
4 -25.715137 -59.703803 -7.141158 92.560097
4 -26.395207 -24.477242 -24.501150 75.373601
1 24.172305 -1.536398 -21.126252 -1.509653
3 -24.550446 -25.283708 74.721789 -24.887632
4 -15.120079 -15.422382 -13.947673 44.490134
4 -13.757606 -13.752728 -13.761129 41.271463
1 37.624606 1.148056 -39.721138 0.948481
4 -21.950186 -28.413481 -27.119545 77.483211
2 -21.709938 78.049712 -34.311995 -22.027778
2 -20.970200 62.317279 -33.156089 -8.190989
2 -34.886426 78.241351 -21.614881 -21.740042
4 -79.056339 1.546650 -71.014888 148.524586
4 -19.735416 8.533134 -12.741790 23.944073
1 118.116118 -36.596079 -96.320749 14.800707
4 -17.757924 -47.158260 -17.411987 82.328172
1 32.032114 -10.645250 -10.661976 -10.724887
4 -10.198513 16.679552 -27.003152 20.522113
4 -24.158687 -24.190301 -24.209380 72.558369
2 0.949347 15.554813 -0.418163 -16.085997
4 19.315942 -41.609204 -0.562660 22.855922
2 -1.736091 24.344233 -21.191396 -1.416746
1 59.064315 -20.211401 -19.394425 -19.458489
2 -11.033574 58.729000 -64.964018 17.268596
2 1.235401 25.413804 -16.014287 -10.634916
4 -13.180336 -13.207378 -13.156959 39.544675
1 11.174354 -2.881397 -11.112083 2.819128
4 -16.599858 -15.599298 -15.623483 47.822642
4 -10.257144 8.681545 -13.509965 15.085567
4 -14.680716 -15.003811 -14.743777 44.428305
2 -18.927005 75.774476 -47.201649 -9.645820
4 -38.098334 -55.745441 -41.025958 134.869735
2 -40.377113 84.084092 -27.671551 -16.035422
2 -25.014089 74.919742 -24.792133 -25.113518
4 -15.760401 0.807087 -60.882992 75.836314
4 -40.727394 24.835965 -27.469391 43.360820
2 -11.597011 88.049655 -64.448426 -12.004218
2 -70.140967 88.506108 -43.757585 25.392452
2 -33.860160 82.666332 -33.641380 -15.164789
4 -22.318520 -17.446689 3.833181 35.932027
4 -22.548149 -9.632551 -9.640356 41.821057
4 -31.185462 -13.859677 -41.036371 86.081511
2 -2.014208 45.593582 -10.586998 -32.992370
4 8.199779 -13.046383 -6.447520 11.294124
4 -0.927417 -0.657567 -5.767899 7.352884
1 78.788202 -22.179041 -34.808365 -21.800792
2 -76.502067 86.198237 -51.963893 42.267730
4 -18.694459 -18.934933 -43.956712 81.586106
4 24.089332 -23.073188 -40.073587 39.057442
4 30.389673 -58.396086 -24.000134 52.006552
2 -5.708655 6.660132 1.133397 -2.084872
2 -16.384913 42.074453 -24.240797 -1.448741
4 13.257823 -90.479932 -30.420578 107.642689
4 -11.167059 -11.429963 -13.222965 35.819987
1 57.259978 -19.011287 -19.079129 -19.169561
4 -26.477305 -0.773129 -9.978258 37.228696
1 15.158372 -18.166353 -5.921319 8.929298
2 -20.303571 79.822829 -38.364732 -21.154518
4 -26.273933 -24.580075 -24.924026 75.778033
4 -19.053461 -34.266175 -19.019164 72.338803
1 7.482979 0.339021 3.992746 -11.814747
3 -2.159855 2.622199 3.174084 -3.636425
1 86.906045 -14.507787 -35.002036 -37.396221
4 -19.195844 -37.566406 -25.809265 82.571515
1 78.874603 -35.210752 -22.176599 -21.487248
4 -30.959242 -5.495773 -9.913755 46.368773
1 78.240473 -21.927830 -33.682465 -22.630176
4 -0.448372 -16.455449 -10.338808 27.242639
4 -33.416495 -17.969631 -30.730565 82.116692
4 -20.051526 -20.197044 -20.872308 61.120887
4 -22.833552 -23.059088 -48.576923 94.469562
1 17.241315 1.050619 -6.463361 -11.828573
2 1.467048 11.497738 -6.158119 -6.806668
4 -40.005966 -0.656049 -28.723279 69.385298
2 -24.899783 75.000296 -24.900064 -25.200448
1 35.762406 5.177370 -32.058565 -8.881206
4 -15.847929 -15.889767 -52.321959 84.059662
4 -12.604582 -42.178439 -34.288493 89.071525
1 2.835320 0.707553 -0.097456 -3.445416
2 -19.987881 79.968194 -40.585129 -19.395183
4 -18.593244 -43.947116 -18.646224 81.186585
4 2.226254 12.750697 -32.023413 17.046465
4 -26.985805 0.893816 -31.396102 57.488095
2 -45.117499 44.136624 -14.262557 15.243436
1 46.069204 -12.738140 -13.103775 -20.227290
4 -36.038889 15.440740 -11.760477 32.358629
4 -20.048813 -35.499154 -24.201889 79.749853
2 -39.739298 73.963963 -19.850446 -14.374217
4 -33.410325 -15.964741 -16.155622 65.530693
1 17.741415 -5.906827 -5.910102 -5.924484
1 74.990190 -24.982775 -25.073940 -24.933472
1 16.694155 11.084617 -34.408609 6.629836
2 -3.618382 11.057287 -3.742490 -3.696414
4 -4.178734 -17.267522 -10.440229 31.886485
4 7.836890 -21.928748 -18.576087 32.667947
1 71.491508 -22.411322 -32.650779 -16.429404
4 -34.456272 -13.167136 -43.409378 91.032788
4 21.939696 -35.848525 -36.245611 50.154442
1 6.244188 -9.783708 -2.512438 6.051962
2 -18.802524 35.206750 -37.683294 21.279072
2 5.780886 24.981163 -3.147940 -27.614109
4 -9.569237 -4.350194 -14.595382 28.514817
1 61.153793 -20.358731 -20.303338 -20.491724
4 -61.578427 -2.566400 -32.900027 97.044861
4 -110.694505 -126.159583 -61.568329 298.422430
4 -21.440652 -34.855348 -22.204739 78.500752
1 41.588204 -11.474776 -11.418204 -18.695225
4 25.279134 18.613898 -71.299906 27.406884
4 -26.895762 -10.274155 -10.735626 47.905544
1 37.412844 -26.674973 -13.142635 2.404766
4 -16.599858 -15.599298 -15.623483 47.822642
1 73.823348 -16.885614 -40.180581 -16.757150
4 -24.445282 -5.076952 -16.219143 45.741377
4 12.947927 -17.651437 -8.720895 13.424407
1 75.177262 -25.273874 -25.061234 -24.842153
3 -24.564984 -32.638181 41.930125 15.273047
4 -22.164742 -22.778660 -32.577036 77.520441
4 -61.578427 -2.566400 -32.900027 97.044861
4 -12.366794 -2.906649 -58.954147 74.227596
2 -4.861592 21.899915 -12.233724 -4.804598
2 -2.560894 7.697547 -2.590756 -2.545897
4 15.088719 -40.474881 -22.983146 48.369309
2 -5.708655 6.660132 1.133397 -2.084872
1 92.594347 -40.515318 -44.942606 -7.136415
1 19.857280 -2.017780 -5.127570 -12.711929
4 -25.715137 -59.703803 -7.141158 92.560097
2 15.577503 19.351730 -37.054825 2.125594
4 -24.805983 -24.825912 -25.063885 74.695780
4 -35.724921 11.473382 -14.621646 38.873191
4 -28.170090 -8.173116 -16.015181 52.358391
1 74.337101 -24.816751 -24.680824 -24.839527
4 -57.418109 -20.197116 -30.540548 108.155772
4 -16.127368 7.234154 -9.210017 18.103230
4 -24.431599 -26.198610 -24.729191 75.359402
2 -40.377113 84.084092 -27.671551 -16.035422
4 -44.174640 21.765960 -42.308219 64.716907
4 -25.120311 -24.978123 -24.848379 74.946813
1 77.829764 -23.517719 -22.679391 -31.632652
1 17.741415 -5.906827 -5.910102 -5.924484
4 -16.950221 -23.799215 -42.044527 82.793964
1 65.181744 -6.440833 -52.144480 -6.596426
3 -36.092580 41.092362 94.650400 -99.650175
4 -7.721259 -14.125852 7.628088 14.219024
4 -21.160818 3.050980 -5.166185 23.276024
2 -17.468965 66.520846 -14.877481 -34.174400
4 -49.430316 -15.160780 -47.391836 111.982936
4 -27.242967 -17.300305 -66.819349 111.362625
2 9.989736 27.352822 -22.742507 -14.600051
2 -8.111381 8.221529 -0.104899 -0.005249
4 31.457046 -78.076220 -2.090485 48.709661
2 -28.195001 20.974008 -9.171609 16.392602
2 0.891369 13.855470 -2.461276 -12.285563
2 41.423611 64.434204 -20.758422 -85.099394
1 119.256328 -66.342054 -49.949992 -2.964279
2 1.805768 29.762237 -15.292327 -16.275677
4 -19.072136 -5.017842 -43.233944 67.323936
4 -15.266825 -31.233054 -76.844696 123.344580
1 122.241616 -95.795432 -42.513670 16.067489
4 -23.965684 -24.011627 -23.826150 71.803465
2 -33.860160 82.666332 -33.641380 -15.164789
4 -24.775929 -24.760656 -25.154756 74.691343
2 -11.633188 34.492663 -17.633529 -5.225942
3 -68.629383 -11.591496 90.218376 -9.997494
2 -10.849319 33.831455 -8.865650 -14.116485
4 -34.456272 -13.167136 -43.409378 91.032788
1 21.437384 7.023651 -35.990597 7.529567
4 -20.772374 -21.019537 -20.782496 62.574407
4 -12.266805 1.665612 -30.511652 41.112849
2 -26.506570 87.401096 -48.204694 -12.689821
2 -24.912887 74.898233 -24.961904 -25.023441
1 122.382523 -63.517231 -78.064857 19.199570
1 10.835065 -9.506196 -7.438784 6.109916
1 77.306328 -16.856588 -42.612576 -17.837164
4 -21.351189 7.474583 -13.457778 27.334386
4 -15.359647 -15.254743 -16.220395 46.834783
2 -40.898096 58.935126 -14.678426 -3.358602
4 -17.084519 9.512863 -15.377602 22.949257
2 -16.753627 138.072208 -73.933452 -47.385122
2 21.608287 121.484648 -54.071373 -89.021560
4 -31.185462 -13.859677 -41.036371 86.081511
2 -24.538568 75.458910 -24.509043 -26.411298
4 -24.948078 -25.114952 -24.921474 74.984505
4 -25.120311 -24.978123 -24.848379 74.946813
2 -9.249637 91.544607 -44.174233 -38.120739
4 -9.584431 -36.654998 -43.958054 90.197488
1 74.942356 -25.235115 -24.917217 -24.790023
4 -19.351770 -19.468924 -41.418147 80.238842
1 39.063212 -17.289344 -5.653252 -16.120616
4 -14.149296 -26.615774 -14.403882 55.168951
2 0.721841 32.884223 -1.620690 -31.985371
1 69.558124 9.162895 -62.771311 -15.949708
4 -15.521725 9.726102 -44.224574 50.020208
2 -6.541703 10.393234 -7.676073 3.824542
4 -15.847929 -15.889767 -52.321959 84.059662
4 -22.495872 5.825488 -38.287806 54.958192
4 -17.404712 -40.309266 -25.291159 83.005138
4 5.847869 -3.188651 -14.040558 11.381341
4 -8.562861 1.410480 -2.789223 9.941605
1 16.821125 -17.710274 0.135852 0.753296
1 93.786820 -6.022840 -47.538608 -40.225368
