4 -35.506188 -2.755105 -31.535726 69.797015
4 -28.474909 -14.544632 -29.285946 72.305485
1 23.581722 -9.049296 -21.127088 6.594662
2 3.455805 42.364367 -12.257053 -33.563118
4 -24.825310 14.319544 -13.181838 23.687605
1 20.647291 10.402037 -2.713759 -28.335571
4 -5.767349 -24.347393 -1.569538 31.684282
4 8.149991 1.626979 -17.984835 8.207862
1 9.236605 5.924967 -13.713099 -1.448473
4 -36.757869 14.740241 -26.807695 48.825322
4 5.195838 -6.196884 -12.186942 13.187987
4 13.723473 -0.848517 -35.589657 22.714698
4 1.065474 -5.456799 -34.146835 38.538159
1 24.486462 -6.148725 -0.632144 -17.705592
4 -2.932543 0.996586 0.154692 1.781265
2 26.658349 37.817414 -23.508533 -40.967226
1 37.534945 -5.931957 -34.290391 2.687402
4 -10.949597 1.677819 -6.467205 15.738982
4 -18.601432 -33.446045 -19.258418 71.305895
2 -7.450972 30.076878 -17.269948 -5.355959
1 30.294494 -6.726348 -35.273321 11.705173
1 4.405598 -5.034523 -2.606087 3.235013
2 -8.033897 37.898439 -8.747685 -21.116858
1 24.869222 -18.816053 -23.235381 17.182214
1 15.284687 -3.087987 -11.484276 -0.712424
1 9.339636 -3.603074 -9.216132 3.479570
1 19.436162 -11.417724 -3.284709 -4.733729
2 -9.747870 19.176882 -19.078358 9.649343
4 -6.341524 -28.875263 -15.727414 50.944200
2 -13.072705 10.760275 -7.086328 9.398758
1 60.034628 -70.169733 -39.973236 50.108340
4 -39.407696 -60.750627 -45.054939 145.213255
2 -5.454886 17.203021 -4.801798 -6.946337
1 28.851008 2.944751 -26.746953 -5.048808
1 6.180375 3.434093 2.874869 -12.489339
4 0.148891 -14.949267 -7.415213 22.215590
4 11.865945 8.508438 -46.779273 26.404888
4 -20.438765 -25.731348 -42.472010 88.642122
4 -2.474441 -1.514753 -1.696646 5.685840
4 31.529861 -50.475505 -36.139660 55.085305
4 -12.254699 -12.812452 0.736000 24.331150
4 -23.085574 4.702214 -24.272995 42.656356
4 -16.921917 -25.227855 -22.741468 64.891240
4 0.050317 -3.246409 -4.801059 7.997151
3 3.006371 -9.157786 5.053483 1.097933
4 4.009073 -15.978268 0.519445 11.449750
1 70.850138 -57.539594 -21.801037 8.490494
4 14.816745 -52.884334 -24.746618 62.814205
2 11.205179 19.818320 -19.440165 -11.583333
1 119.791507 -33.598705 -53.169546 -33.023261
4 -5.527725 -11.931613 -4.260719 21.720057
2 0.087536 48.574472 -21.618880 -27.043126
4 -30.872598 4.473064 -31.634711 58.034243
4 -14.278555 -14.025996 -12.751910 41.056462
3 4.783016 -5.366119 7.447524 -6.864421
1 51.396999 -39.988620 -41.661148 30.252767
2 1.515585 4.082031 -1.409127 -4.188489
2 73.406719 92.807306 -98.734399 -67.479617
4 -12.038056 -20.006343 -9.120419 41.164819
4 -10.733743 -87.623920 -9.889343 108.247005
2 2.133649 7.986682 -5.244812 -4.875518
3 -1.895280 0.351348 3.323596 -1.779663
4 -3.169546 -2.364626 -13.151257 18.685427
1 20.325000 -5.875281 -6.923188 -7.526532
1 21.095695 -5.165598 -9.964220 -5.965878
2 -4.593716 17.256995 -28.058898 15.395615
4 -90.989437 -7.548084 -78.799874 177.337390
1 12.323173 -0.508079 7.871126 -19.686220
2 -8.819720 18.242636 -24.267673 14.844754
4 2.238716 -6.448316 -12.313956 16.523557
4 4.370229 4.103834 -16.229941 7.755876
2 4.805926 74.899421 -46.958127 -32.747225
4 -11.793550 -27.323851 -52.546934 91.664338
1 54.441081 -17.615800 -53.586980 16.761700
1 23.692744 -5.408111 -18.149826 -0.134809
2 15.238247 25.658550 -31.568270 -9.328530
4 15.905605 -6.944216 -30.226961 21.265569
1 0.000000 0.000000 0.000000 0.000000
1 14.069440 8.079464 9.118307 -31.267213
4 8.257111 -28.258428 2.382275 17.619042
4 -7.389588 -20.451257 2.299734 25.541110
1 31.942368 9.805862 -16.046885 -25.701345
4 3.814040 -36.581223 -0.462604 33.229787
4 -34.331434 4.811673 -16.350636 45.870393
1 12.683161 -7.521810 -7.484722 2.323369
4 -20.659414 -44.370158 -36.359153 101.388725
4 -11.791254 -32.841782 -24.170799 68.803835
4 4.805869 -14.440845 1.466724 8.168250
2 -93.344051 51.666183 49.403141 -7.725262
2 0.185438 4.274467 -6.501281 2.041376
1 72.964243 -15.537927 -16.585508 -40.840806
4 11.515627 -15.399135 -19.716065 23.599560
1 12.624073 6.050389 -13.993586 -4.680878
4 25.236261 2.439732 -55.614885 27.938886
2 3.765749 41.067176 -11.470668 -33.362260
4 -16.210752 8.240568 -19.646825 27.617008
1 0.000000 0.000000 0.000000 0.000000
1 16.216302 6.132743 -24.561219 2.212173
1 15.322843 -24.792028 5.669310 3.799877
4 -13.807469 8.693870 -25.833235 30.946833
1 50.822441 11.873893 -33.677211 -29.019126
2 9.827403 12.738426 -5.965605 -16.600224
2 -17.335298 84.493708 -34.725367 -32.433045
4 -20.719799 -0.018131 -19.453473 40.191403
4 -3.512134 -7.663250 -3.299832 14.475213
1 17.124576 -11.236833 -15.726802 9.839059
1 33.595051 8.189250 -24.329762 -17.454539
4 -8.860338 1.791291 -23.872299 30.941346
4 -11.220680 -18.791268 -4.218462 34.230412
1 8.487976 -2.969140 -2.218244 -3.300591
4 -24.246529 -29.408113 -10.516324 64.170965
1 16.594147 -9.162569 -20.338703 12.907126
1 55.568340 20.349802 -63.589698 -12.328450
2 5.200920 12.345290 -16.507722 -1.038487
4 -4.663293 -9.238113 -0.038375 13.939781
1 66.844301 35.491100 -33.031983 -69.303425
4 -8.893032 -12.307991 -6.951395 28.152417
1 20.475783 3.411794 3.160788 -27.048366
4 -14.174024 3.015858 -5.398831 16.556998
2 -10.824393 44.967158 -8.591774 -25.550991
1 7.648967 -6.310680 -8.976311 7.638024
4 -15.656983 0.258974 -40.400823 55.798825
2 0.148031 13.162624 -19.795154 6.484497
4 -5.331976 -11.428540 2.356864 14.403652
1 22.152571 12.217066 -17.347154 -17.022481
4 7.151372 -25.929747 -6.195893 24.974267
2 4.869288 31.012973 -10.123613 -25.758649
2 -0.776723 64.396162 -23.513697 -40.105742
4 -13.525633 1.633810 -38.845714 50.737536
2 -8.308245 23.329856 -15.081166 0.059552
1 8.094976 6.770170 -5.483095 -9.382052
1 11.581917 -12.676353 -3.144848 4.239285
1 26.443232 -15.453135 -15.771393 4.781293
4 6.324048 11.543522 -37.550156 19.682586
4 -36.786240 -6.242031 -17.983775 61.012043
4 -12.244718 0.323338 -55.544075 67.465456
4 -12.188209 4.812034 -5.450482 12.826656
4 -11.973877 16.887403 -25.987061 21.073535
4 -0.020982 -4.552741 -13.584446 18.158168
2 0.908243 71.063810 -38.497423 -33.474638
1 28.813383 -32.832485 -18.423886 22.442988
4 12.660663 -42.960356 7.692766 22.606926
1 11.607477 3.538592 -3.051543 -12.094528
2 15.138789 19.237131 -4.917444 -29.458474
1 27.880859 17.497794 -24.519935 -20.858721
1 104.414644 -57.739237 -71.256207 24.580796
2 -25.365023 31.612998 -19.297209 13.049233
4 -5.168174 -13.240960 -0.950831 19.359963
4 19.163556 -40.883686 -11.135287 32.855419
2 -14.685497 20.995516 -13.637206 7.327187
1 27.705228 -8.439141 -7.635173 -11.630913
1 8.984772 -5.478501 0.871383 -4.377655
4 -11.210920 7.224303 -16.660788 20.647402
1 46.340943 -19.925197 -15.781869 -10.633876
4 -4.016218 -22.717735 3.127953 23.605999
4 -11.490928 5.627215 -8.878533 14.742244
1 42.900854 -16.636372 -20.595500 -5.668986
4 -9.687951 -14.406372 4.986704 19.107618
4 -33.266229 0.709390 -19.823862 52.380700
4 1.196204 2.240752 -6.062367 2.625412
4 -20.185648 5.795576 -39.305597 53.695665
4 2.433993 -11.950472 -31.847445 41.363922
4 -4.324204 -0.133279 -8.528924 12.986407
1 128.976797 -29.025786 -63.784912 -36.166101
4 -38.914380 0.705519 -48.107555 86.316412
1 55.497829 -10.929143 -16.257664 -28.311023
2 -25.378302 41.279261 -29.861136 13.960175
4 -9.810775 -3.560469 -29.151728 42.522967
1 10.632299 6.995170 -16.838669 -0.788799
4 -9.562420 -21.625394 -6.730277 37.918089
4 -23.969573 -3.798105 -36.901267 64.668944
4 7.551999 5.193078 -24.201478 11.456401
1 17.003210 -0.072279 -14.426518 -2.504412
4 -9.808716 -33.433722 -1.796050 45.038488
2 -9.985699 12.740583 -13.144406 10.389521
4 12.627190 -26.375254 -9.394941 23.143006
1 0.000000 0.000000 0.000000 0.000000
4 -7.182609 5.560814 -16.590004 18.211798
1 74.491675 -39.828206 -15.463135 -19.200337
2 3.153277 18.173035 -20.428744 -0.897570
2 26.020293 32.469119 -17.271443 -41.217968
1 15.493247 10.311023 -4.966756 -20.837515
4 -10.817255 0.703708 -13.527029 23.640576
4 -5.386063 -17.459690 -7.410078 30.255831
4 -6.593006 -12.800432 -31.253250 50.646686
1 97.005970 -82.756859 -27.267086 13.017973
4 -7.663163 4.346787 -4.653837 7.970213
4 2.003721 -19.880242 1.200268 16.676253
2 50.324267 51.329074 -33.852125 -67.801214
4 -10.578114 -2.697264 -12.018357 25.293734
2 -8.843165 18.675859 -27.509367 17.676670
1 12.296512 -2.128212 -11.203656 1.035356
1 16.622448 11.142744 -26.178992 -1.586202
2 16.923245 27.875525 -29.817484 -14.981286
4 6.355757 -7.753584 -13.265007 14.662835
4 -7.066832 -43.171478 -59.902539 110.140850
4 -5.227894 7.887603 -10.860971 8.201263
4 -16.390646 -12.150347 -7.141607 35.682599
1 70.774151 -23.506599 -30.415834 -16.851719
4 -8.842399 -11.512390 -16.500848 36.855637
